0 0.14040291387160722 0.07468204811596758 0.05869927385790159 0.09023555260243647
0 0.46033653846153844 0.052884615384615384 0.15625 0.10576923076923077
0 0.24135046669195687 0.07995003440100067 0.1050156902756635 0.1484508778998782
0 0.026442307692307692 0.140625 0.052884615384615384 0.09375
0 0.19352528515643225 0.09850374056563692 0.08776919796307626 0.11131486736519314
0 0.0642910041374809 0.1394641318255395 0.08547723693874051 0.12077620651957882
0 0.3425480769230769 0.08413461538461539 0.12259615384615384 0.16826923076923078
0 0.9699519230769231 0.15264423076923078 0.055288461538461536 0.18990384615384615
0 0.7596153846153846 0.2403846153846154 0.04326923076923077 0.16826923076923078
0 0.8120698133844033 0.3014317977965193 0.13702091489985882 0.2153573150467107
1 0.028846153846153848 0.7355769230769231 0.057692307692307696 0.1346153846153846
1 0.16826923076923078 0.7199519230769231 0.08653846153846154 0.10336538461538461