0 0.04567307692307692 0.1045673076923077 0.09134615384615384 0.15625
0 0.4226687656034966 0.06677465322043119 0.07961259046478211 0.12543354020225872
0 0.018028846153846152 0.125 0.036057692307692304 0.16826923076923078
0 0.2956730769230769 0.04447115384615385 0.15384615384615385 0.0889423076923077
0 0.18629807692307693 0.0733173076923077 0.18990384615384615 0.1466346153846154
0 0.5492788461538461 0.17427884615384615 0.07932692307692307 0.21394230769230768
1 0.6415881316753758 0.24451242434299122 0.1152254211169171 0.17370625562858893
1 0.45552884615384615 0.5877403846153846 0.10336538461538461 0.25721153846153844
1 0.10033095016033346 0.6977221367050295 0.18551647464105814 0.3062953936211269
1 0.4098557692307692 0.6658653846153846 0.19471153846153846 0.3317307692307692
0 0.5564903846153846 0.49399038461538464 0.09375 0.06971153846153846