1 0.9711538461538461 0.08533653846153846 0.052884615384615384 0.09375
1 0.8677884615384616 0.046875 0.09615384615384616 0.09375
1 0.7379807692307693 0.021634615384615384 0.1201923076923077 0.04326923076923077
0 0.9855769230769231 0.11658653846153846 0.02403846153846154 0.12259615384615384
1 0.7764423076923077 0.042067307692307696 0.11057692307692307 0.08413461538461539
1 0.8996412868969286 0.09433349809719574 0.07032968197524744 0.08928103983606607
1 0.37216494444256204 0.7198967596948782 0.04511600223273668 0.05464770143307536
1 0.41421698492902753 0.7565156149741075 0.059874855785541956 0.06485078139794681
1 0.5009347724493849 0.8238416593728652 0.092132185674727 0.09497027516798849
0 0.8581730769230769 0.45913461538461536 0.27884615384615385 0.1201923076923077
0 0.9169031470174546 0.7724303725054086 0.10996643864083512 0.12450207358854361