0 0.6105769230769231 0.08173076923076923 0.052884615384615384 0.125
0 0.3112980769230769 0.1915102690603985 0.10817307692307693 0.14395127651418377
0 0.12860576923076922 0.25071627556293935 0.04807692307692308 0.06798475537382515
0 0.28125 0.21722893156714235 0.06009615384615385 0.08317805960189709
0 0.5192307692307693 0.17118135528296202 0.08413461538461539 0.11596851421188657
0 0.5721153846153846 0.17216650927109287 0.055288461538461536 0.07806227637220677
0 0.38341346153846156 0.13242970981344412 0.08413461538461539 0.10875697575034812
0 0.16706730769230768 0.20510407986199966 0.06971153846153846 0.11023654913820052
0 0.04567307692307692 0.24759615384615385 0.09134615384615384 0.14903846153846154
0 0.8185096153846154 0.17548076923076922 0.3581730769230769 0.35096153846153844
1 0.9254807692307693 0.7861720851293422 0.09375 0.09254623451742078
1 0.9675480769230769 0.7692307692307693 0.06009615384615385 0.11538461538461539