0 0.3389423076923077 0.06129807692307692 0.17307692307692307 0.12259615384615384
0 0.7232850440874562 0.38317173529770343 0.1256052063108384 0.17816637596410262
0 0.9771634615384616 0.020432692307692308 0.040865384615384616 0.040865384615384616
0 0.8521634615384616 0.028846153846153848 0.06490384615384616 0.057692307692307696
0 0.9126085140465843 0.047895166732639494 0.06273259910797926 0.08788126490512828
0 0.9639423076923077 0.07451923076923077 0.0673076923076923 0.10576923076923077
0 0.6995192307692307 0.04567307692307692 0.0625 0.09134615384615384
0 0.7699059795890476 0.09138518324583382 0.10187046950302658 0.14160513239391032
0 0.6763422831904772 0.13361833148087646 0.08462352214146417 0.13400194295042742
0 0.9651442307692307 0.18389423076923078 0.06490384615384616 0.11298076923076923
0 0.5777608823418947 0.17213381020459434 0.10159045331326698 0.13679744008621803
0 0.8936910806664489 0.23830155920993648 0.11034208081848308 0.163407598199359
1 0.26802884615384615 0.8016826923076923 0.18990384615384615 0.08413461538461539