0 0.4029580956899143 0.0950881896078837 0.058195773733640266 0.09057270068904867
0 0.2659808204241279 0.09745796912898971 0.05820975890145519 0.09297654684289483
0 0.4182692307692308 0.13942307692307693 0.057692307692307696 0.11538461538461539
0 0.3007247083123787 0.11425138553961255 0.08480590343972566 0.12126788081255493
0 0.183125046539417 0.09003603406180487 0.07025696000631552 0.09862470564029277
0 0.09185581111624447 0.08320242553741398 0.07752443913911314 0.1087443701495008
0 0.05459619573162911 0.08580787165550152 0.04605067645407642 0.06809761881472766
0 0.018028846153846152 0.08533653846153846 0.036057692307692304 0.10817307692307693
0 0.9795673076923077 0.08774038461538461 0.036057692307692304 0.17548076923076922
0 0.8004807692307693 0.042067307692307696 0.07692307692307693 0.08413461538461539
1 0.12259615384615384 0.7692307692307693 0.24519230769230768 0.0625
1 0.30408653846153844 0.7932692307692307 0.23798076923076922 0.11057692307692307
0 0.8401442307692307 0.8461538461538461 0.18028846153846154 0.21634615384615385