0 0.2703603203529021 0.07708837842140043 0.06641863269031544 0.08486186872643323
0 0.37872767194682105 0.05418106968860393 0.07603401730570006 0.08497375385594363
1 0.028846153846153848 0.30288461538461536 0.057692307692307696 0.08653846153846154
1 0.24104993128292657 0.24819501022133025 0.10208777565632368 0.1285226974489504
0 0.7628953909751218 0.05170813739412786 0.0688224788441616 0.08488984000881071
1 0.6593950260832474 0.1274720902291621 0.07318232741581782 0.07533039795818133
1 0.9627403846153846 0.018028846153846152 0.05048076923076923 0.036057692307692304
0 0.8201464827860886 0.14484276918182049 0.08609724565712075 0.09470102360083879
0 0.5480769230769231 0.009615384615384616 0.04807692307692308 0.019230769230769232
0 0.2091346153846154 0.46274038461538464 0.22115384615384615 0.2283653846153846
0 0.6706730769230769 0.3798076923076923 0.1201923076923077 0.0625
0 0.53125 0.38100961538461536 0.18269230769230768 0.06490384615384616
0 0.5 0.43028846153846156 0.1201923076923077 0.16346153846153846