0 0.5168269230769231 0.41346153846153844 0.019230769230769232 0.0673076923076923
0 0.13221153846153846 0.4495192307692308 0.052884615384615384 0.03365384615384615
1 0.33653846153846156 0.45913461538461536 0.03365384615384615 0.014423076923076924
0 0.4567307692307692 0.01201923076923077 0.028846153846153848 0.02403846153846154
1 0.04576202682873953 0.2077521947136811 0.03264875350694451 0.0610054359786075
0 0.4331439285707267 0.16039842052973802 0.03253685322638889 0.05619774367091519
0 0.17431285085828016 0.2533239675582933 0.03007705693226507 0.053723952737649475
1 0.29459008870005365 0.3051501625154891 0.052271173719658254 0.07839191729088668
0 0.46009179740363276 0.28469897273554295 0.03276065378750012 0.0658131282862998
1 0.028602417727297366 0.34897172533874693 0.04232008826260693 0.06368906125013164
0 0.7211538461538461 0.05048076923076923 0.27884615384615385 0.10096153846153846
0 0.4735576923076923 0.5564903846153846 0.10576923076923077 0.17548076923076922
0 0.9146634615384616 0.6598557692307693 0.1658653846153846 0.38221153846153844