0 0.43990384615384615 0.078125 0.15384615384615385 0.15625
0 0.7644230769230769 0.030048076923076924 0.10576923076923077 0.06009615384615385
0 0.8052884615384616 0.018028846153846152 0.057692307692307696 0.036057692307692304
1 0.9224494426169454 0.0723460126643404 0.06049009886908808 0.09985093721782115
0 0.8632754327300366 0.05895651425448135 0.07738696672543072 0.10333310159865992
0 0.5480769230769231 0.03365384615384615 0.057692307692307696 0.0673076923076923
0 0.6262019230769231 0.052884615384615384 0.10336538461538461 0.10576923076923077
0 0.9699519230769231 0.13822115384615385 0.055288461538461536 0.12740384615384615
0 0.8904392987794577 0.12667976082573956 0.09038542440653458 0.13775717505750082
0 0.25 0.9387019230769231 0.14903846153846154 0.11778846153846154
1 0.05889423076923077 0.6598557692307693 0.11778846153846154 0.18028846153846154