0 0.484375 0.15985576923076922 0.04567307692307692 0.06490384615384616
1 0.08306710416324656 0.25964758270102845 0.05957178965294082 0.08495095541300383
1 0.4987980769230769 0.44711538461538464 0.016826923076923076 0.10096153846153846
1 0.18578214434675713 0.3447148376680221 0.05919384893695733 0.07773941695146537
1 0.4461329671555402 0.46532492649450824 0.07272484257012206 0.10728561127201804
1 0.21884863618805966 0.4269237809604253 0.08221424694684551 0.1054417974976911
0 0.8647989214756974 0.08935784567602531 0.051226429043451885 0.06289631574374911
0 0.35697115384615385 0.6790865384615384 0.29086538461538464 0.24278846153846154
1 0.15985576923076922 0.6478365384615384 0.2091346153846154 0.18028846153846154
0 0.5432692307692307 0.6153846153846154 0.0673076923076923 0.10576923076923077
0 0.6398810005909427 0.6965390116644988 0.10852035278120785 0.1501111092157195