0 0.026442307692307692 0.18028846153846154 0.052884615384615384 0.10096153846153846
0 0.030048076923076924 0.20432692307692307 0.06009615384615385 0.1346153846153846
0 0.1550123012555823 0.14651481383389678 0.11510199004944056 0.13535905353541638
0 0.12679093779309214 0.18224489280740988 0.05653804230578892 0.07125032360876765
0 0.09193005775268083 0.20613060296024097 0.04351096962726891 0.05166983048090087
0 0.299064321747644 0.09296933613546056 0.110042337264426 0.13041147166888506
0 0.22826661882855945 0.14317957498467865 0.05919384893695733 0.07612796069587952
0 0.2605925616668214 0.13983147430866913 0.05135240928211305 0.0638988955883902
0 0.3887046315622301 0.08073102229184433 0.058941888459635 0.07132026838818718
0 0.43509615384615385 0.05048076923076923 0.02403846153846154 0.07211538461538461
0 0.3609922998640267 0.10320497502949381 0.05653804230578899 0.07125032360876765
0 0.5997596153846154 0.18990384615384615 0.3004807692307692 0.35096153846153844
0 0.40469390025291285 0.6131958071955588 0.08955176564704513 0.10581345189506745
0 0.11553947047873804 0.6083680268797461 0.11472404933345708 0.12814751507387795
0 0.0813084916316325 0.644272967801808 0.13002898792716208 0.14539410682731813
0 0.5012019230769231 0.5372596153846154 0.10336538461538461 0.15625
0 0.7463942307692307 0.44711538461538464 0.12740384615384615 0.038461538461538464
0 0.5993424485951208 0.5413401136897319 0.17341397731576982 0.19466009115437272