1 0.06926147174755465 0.18166262633431296 0.13148596925034875 0.15482687832656147
0 0.026442307692307692 0.6875 0.052884615384615384 0.10576923076923077
0 0.027644230769230768 0.7091346153846154 0.055288461538461536 0.13942307692307693
0 0.16299917023699392 0.6575020701510077 0.10249995899230686 0.1404529566471546
0 0.13016963484797314 0.6926030205018788 0.05129193641971986 0.07383224755434653
0 0.09148432612741383 0.7149733776128827 0.03902096410909058 0.05121651095715776
0 0.31490384615384615 0.6237980769230769 0.10096153846153846 0.10817307692307693
0 0.23626053536454636 0.6563249230620026 0.05134787898447503 0.07863993986203884
0 0.2686984728002807 0.6548778188649776 0.04640033026489476 0.06622826060777871
0 0.4050480769230769 0.6045673076923077 0.055288461538461536 0.06971153846153846
0 0.47115384615384615 0.5889423076923077 0.04807692307692308 0.038461538461538464
0 0.3735594789575532 0.6211016797002048 0.04888809026587364 0.07363602331183185
0 0.4963942307692308 0.6057692307692307 0.07932692307692307 0.07211538461538461
0 0.5865384615384616 0.5913461538461539 0.09615384615384616 0.04326923076923077
0 0.5612980769230769 0.609375 0.04567307692307692 0.07932692307692307
0 0.6875 0.5973557692307693 0.15384615384615385 0.055288461538461536