1 0.4567307692307692 0.15384615384615385 0.08173076923076923 0.13942307692307693
1 0.20445060465042994 0.318664470478738 0.0973799501204385 0.10802665344584739
1 0.05398921980461273 0.2395622934273013 0.04518231795070736 0.05502627944185502
1 0.29547724941272807 0.13513284799656447 0.04498609370819268 0.052622433288008905
1 0.12124795523471778 0.2732637972715518 0.06357903496774771 0.0751389103432524
1 0.75 0.13701923076923078 0.3076923076923077 0.27403846153846156
1 0.26106348064282403 0.7439681513744253 0.09737995012043864 0.10802665344584739
1 0.060808706513287694 0.831245501512302 0.07098679767180098 0.07792069721308205
1 0.7283653846153846 0.5516826923076923 0.1201923076923077 0.08413461538461539
1 0.5954183027935405 0.5835659143082491 0.07456798928073506 0.09246975437482009
1 0.5168269230769231 0.6430288461538461 0.03365384615384615 0.12740384615384615
0 0.6442307692307693 0.5709134615384616 0.10576923076923077 0.12259615384615384
1 0.8112980769230769 0.5300480769230769 0.06490384615384616 0.040865384615384616
1 0.5521738480122276 0.6549305283013088 0.07677561119206654 0.09019188845963513