1 0.26322115384615385 0.15144230769230768 0.24759615384615385 0.30288461538461536
0 0.5961538461538461 0.026442307692307692 0.10576923076923077 0.052884615384615384
0 0.5492788461538461 0.010817307692307692 0.05048076923076923 0.021634615384615384
0 0.7295673076923077 0.0625 0.0985576923076923 0.125
0 0.6454326923076923 0.037259615384615384 0.055288461538461536 0.07451923076923077
0 0.6688487124117081 0.05893498764760195 0.043197505268059405 0.06451568381857847
0 0.7983458937063156 0.11760958320098848 0.05095550143804262 0.07210516299610042
0 0.8615192904500868 0.14384758810637815 0.045965656560868734 0.06944935636493195
0 0.7626525065375864 0.11091218731337879 0.04614780913035032 0.07185320251877811
0 0.8908566884705303 0.17072571582435783 0.10395054389096824 0.1395286139231697
0 0.9762290896826544 0.20657399453549002 0.03485718863904562 0.08083868594085704
0 0.9502421634140507 0.1991785965256019 0.04079365911421325 0.06438970357991732