0 0.36778846153846156 0.5336538461538461 0.038461538461538464 0.02403846153846154
1 0.0889423076923077 0.5348557692307693 0.04807692307692308 0.021634615384615384
0 0.31830557708068297 0.34104123405081216 0.04595629318544726 0.06071798705524801
0 0.04568964655981489 0.27525573803243497 0.043552447031600834 0.0605498937573069
1 0.12988687026612994 0.38537012455680003 0.07122632499800775 0.0888412277269671
0 0.28675596933052705 0.4610319417788785 0.04880798307532922 0.07050146496857387
0 0.29731308010294555 0.6806894216011846 0.1100830406559253 0.1514587810422378
0 0.08811917032397808 0.613348782593632 0.0945403543927583 0.12641175971612958
0 0.23204701787724383 0.6940957020616497 0.08458908697534676 0.11852784806282653
0 0.014423076923076924 0.6033653846153846 0.028846153846153848 0.11057692307692307
0 0.3492823026003556 0.7933422409110367 0.07910962906360033 0.10376858454386738
0 0.12180597760234782 0.693574948817896 0.074189975821899 0.10102855179413886
0 0.8245192307692307 0.6526442307692307 0.34615384615384615 0.2091346153846154