1 0.3076923076923077 0.16346153846153846 0.15865384615384615 0.15384615384615385
1 0.18028846153846154 0.16466346153846154 0.1346153846153846 0.13701923076923078
0 0.4879807692307692 0.12860576923076922 0.08653846153846154 0.18509615384615385
0 0.44471153846153844 0.1346153846153846 0.04807692307692308 0.10096153846153846
0 0.6766826923076923 0.13942307692307693 0.040865384615384616 0.07692307692307693
0 0.9675480769230769 0.0733173076923077 0.06009615384615385 0.1466346153846154
0 0.7944711538461539 0.08413461538461539 0.12259615384615384 0.16826923076923078
0 0.5528846153846154 0.0625 0.07211538461538461 0.11057692307692307
1 0.09134615384615384 0.7307692307692307 0.04326923076923077 0.07211538461538461
0 0.1622596153846154 0.7427884615384616 0.040865384615384616 0.04807692307692308
0 0.37740384615384615 0.7475961538461539 0.052884615384615384 0.09134615384615384