0 0.13341346153846154 0.10216346153846154 0.2668269230769231 0.20432692307692307
0 0.6482913983055714 0.25152480706356195 0.052111162227510346 0.05853149350616427
1 0.8028846153846154 0.45552884615384615 0.07692307692307693 0.040865384615384616
1 0.8990384615384616 0.46274038461538464 0.09134615384615384 0.026442307692307692
0 0.3701923076923077 0.5360576923076923 0.09134615384615384 0.11538461538461539
0 0.014423076923076924 0.6382211538461539 0.028846153846153848 0.13221153846153846
0 0.17630532233698468 0.6039853371602365 0.09013543412782574 0.12161892357586399
0 0.3313028592773912 0.5729959059653851 0.07984767632067666 0.111835701797708
0 0.09269202016256273 0.6638987574904499 0.07213185796531472 0.10449828546409101
0 0.06680453234674874 0.6899214722758293 0.07503998401298435 0.11175178321632237
0 0.2453950275894289 0.6485133466502522 0.07145948477355027 0.09488290084870653