1 0.2127403846153846 0.11899038461538461 0.1466346153846154 0.17548076923076922
0 0.5890156456114949 0.126545878127803 0.1421922104097459 0.2374461834182721
0 0.9555288461538461 0.640625 0.040865384615384616 0.021634615384615384
0 0.9139144628162548 0.7139066616235786 0.0426207659085102 0.06691952997242463
0 0.5224099297640359 0.7959284878064158 0.05556426944373472 0.08197250808880738
1 0.4028176624073616 0.8492284799781349 0.062005580600278436 0.0703312180355601
1 0.7283238895703794 0.7911667927855023 0.034793045602976 0.05692620464105666
0 0.5566781153562217 0.8978450996771972 0.07285332890365467 0.09006590822097411
1 0.671875 0.6454326923076923 0.06009615384615385 0.03125
0 0.32383295567481724 0.6893573783184392 0.03704284629582318 0.054648338725871534
1 0.41111120390720496 0.6775475611457686 0.045024612062356424 0.06704551021108579