0 0.39903846153846156 0.140625 0.22115384615384615 0.28125
0 0.6968951778492836 0.15380236473924852 0.3575344554875312 0.26700380758026976
0 0.23197115384615385 0.5552884615384616 0.10817307692307693 0.15384615384615385
0 0.03485576923076923 0.5661057692307693 0.06971153846153846 0.17548076923076922
0 0.08722643658376036 0.6208829387693071 0.1375091962772687 0.18625949144270273
1 0.9759615384615384 0.5817307692307693 0.04326923076923077 0.08173076923076923
1 0.8926621654871492 0.5586755797137767 0.048763509559641705 0.06856669833724337
1 0.6021634615384616 0.5072115384615384 0.07451923076923077 0.057692307692307696
1 0.9217291211976529 0.5715691202257513 0.06176386154144572 0.0809356530035717
1 0.7019230769230769 0.5252403846153846 0.08173076923076923 0.09375
1 0.8375699281912024 0.5546630036332818 0.09075708438644406 0.11295504557718636
1 0.754906994625447 0.5341860901997528 0.056956169233753275 0.08079576344473284
1 0.5456730769230769 0.5180288461538461 0.08653846153846154 0.07932692307692307
1 0.3485576923076923 0.49158653846153844 0.08653846153846154 0.026442307692307692