1 0.009615384615384616 0.2764423076923077 0.019230769230769232 0.08653846153846154
1 0.4257283004455974 0.12740384615384615 0.075638082064335 0.09615384615384616
1 0.11030614350245155 0.27524038461538464 0.06339508103608342 0.07692307692307693
1 0.3768402101797238 0.1971153846153846 0.0805576595015378 0.10576923076923077
1 0.5240384615384616 0.14182692307692307 0.08653846153846154 0.125
1 0.18311996811196235 0.31850961538461536 0.08776919796307626 0.10576923076923077
1 0.8745770625030798 0.1201923076923077 0.09749646770797135 0.11538461538461539
0 0.6152825055697235 0.19591346153846154 0.07558213949957984 0.09134615384615384
0 0.9579326923076923 0.027644230769230768 0.06971153846153846 0.055288461538461536
1 0.5853365384615384 0.27163461538461536 0.03125 0.09615384615384616
1 0.7779756758311918 0.15865384615384615 0.07804192821818116 0.09615384615384616
1 0.6713122060911918 0.13221153846153846 0.06825871590853097 0.08173076923076923
1 0.7368034491749675 0.08173076923076923 0.05120802257258707 0.0625
0 0.9198034409734289 0.055288461538461536 0.06342305231846104 0.07932692307692307
1 0.8309730184106316 0.04567307692307692 0.05604368616265686 0.06490384615384616
0 0.09254807692307693 0.6237980769230769 0.11778846153846154 0.03125