1 0.2393349264433562 0.30493600909969654 0.09444925839073985 0.12455878411865921
1 0.052884615384615384 0.38341346153846156 0.10576923076923077 0.06490384615384616
1 0.6382211538461539 0.07091346153846154 0.016826923076923076 0.09375
1 0.3777728503906394 0.261238640009563 0.06542129736299365 0.09196525291055097
0 0.5983331282675061 0.14642690685543075 0.09440730288729562 0.11734724565712061
0 0.4897894443973371 0.21516707196275936 0.10655240016685934 0.13954166571178112
1 0.06971153846153846 0.6069711538461539 0.13942307692307693 0.23798076923076922
1 0.3004807692307692 0.5072115384615384 0.21153846153846154 0.1778846153846154
0 0.9783653846153846 0.5432692307692307 0.038461538461538464 0.1201923076923077
0 0.726141742932832 0.7277790685265588 0.10164681168446353 0.12249082076684012
0 0.8898130589115923 0.6841080327062538 0.12827092655836345 0.15497239104093907
0 0.6790865384615384 0.859375 0.06009615384615385 0.17067307692307693