1 0.1502403846153846 0.09735576923076923 0.3004807692307692 0.19471153846153846
1 0.8668769412741462 0.2184605118616053 0.08377283941139578 0.10663634052293657
0 0.6148779129990035 0.1421362913137048 0.06505313274857535 0.08480592616167798
0 0.9831730769230769 0.17427884615384615 0.028846153846153848 0.07451923076923077
1 0.5348557692307693 0.1778846153846154 0.05048076923076923 0.09134615384615384
1 0.7675978771111832 0.1980549487709766 0.06328021445669499 0.09198949334083882
1 0.69761500666973 0.1178329446579701 0.05721066642507111 0.07751047385300666
1 0.780081858406126 0.11037050672034716 0.04350896135726474 0.05813984821034947
0 0.942928269701639 0.18806363597412237 0.05219266483005679 0.07505068513440541
1 0.8769570764152429 0.1307480985285983 0.04852696295227906 0.06059963692895073
0 0.387924760747864 0.6910120800690179 0.0839831486987178 0.10904018667678272
0 0.4951923076923077 0.7596153846153846 0.02403846153846154 0.14423076923076922
0 0.050860525991097576 0.6931057159207682 0.08680761342720772 0.11387585026685265
0 0.23906718719601222 0.7422184185109768 0.11400071427549818 0.15021325539832103