0 0.052884615384615384 0.10576923076923077 0.10576923076923077 0.21153846153846154
0 0.7788461538461539 0.06610576923076923 0.2980769230769231 0.13221153846153846
1 0.4651442307692308 0.6213942307692307 0.021634615384615384 0.0889423076923077
1 0.3940981525623364 0.6642729967142612 0.053359347591888776 0.07363602331183185
1 0.10344936385874239 0.7955024221328119 0.07699764124080147 0.10184434918677163
1 0.42709653334770414 0.6544124309787747 0.0686931873623735 0.08683259953615068
1 0.20464826842391753 0.7526014589589411 0.08825239898152021 0.12426386154144572
1 0.3451283980132983 0.6957436002125281 0.0999073246117878 0.12043729044632666
1 0.26223156845619167 0.7335671123367694 0.06370334248519974 0.08403630489727518
1 0.06078038492383486 0.8384035836727654 0.09546393744305874 0.12485253426898961
1 0.5913461538461539 0.5576923076923077 0.10096153846153846 0.07692307692307693