0 0.15372136474741038 0.4140000006526266 0.04154171654889333 0.055799056496320616
0 0.9084234901963276 0.28985838878243253 0.09776281766973309 0.15818195276312608
0 0.8310103849411715 0.29244296809748366 0.09608272053117599 0.12933579891697208
0 0.7415080448693447 0.2953187076420499 0.10399429946711312 0.14190148739464775
0 0.6836875833526024 0.3138746607207714 0.08123961932345972 0.12103134503854426
0 0.6229150975729397 0.362387614437829 0.08929120635427659 0.13600087967006594
0 0.5551636724397181 0.3234513437690172 0.07036416185415707 0.09866811937600253
0 0.4693608141869905 0.3664459262757489 0.08434350595170462 0.1332327283772566
0 0.3590876158407171 0.3943067529567704 0.08702736829531031 0.1382225732544305
0 0.2848557692307692 0.3858173076923077 0.05048076923076923 0.12259615384615384
0 0.13581730769230768 0.6177884615384616 0.11778846153846154 0.09615384615384616
0 0.5271445913171674 0.8223032148179725 0.20798859893422625 0.2838029747892952
0 0.6654001863994259 0.7700037587089408 0.13718070425453988 0.21860654899765727