0 0.6225961538461539 0.027644230769230768 0.07692307692307693 0.055288461538461536
0 0.5516826923076923 0.0829326923076923 0.06490384615384616 0.11778846153846154
0 0.2674167860009645 0.6027013885347495 0.1291694676043125 0.14353634063724904
0 0.08798715266414966 0.7012514727142206 0.058182669932511505 0.06675061761735207
0 0.237221640079043 0.6349167463452184 0.0713792461568302 0.08159341532758929
0 0.4699519230769231 0.5372596153846154 0.09375 0.11778846153846154
0 0.5048076923076923 0.5252403846153846 0.02403846153846154 0.07932692307692307
0 0.3370054363533276 0.5283614837474147 0.09998002051679933 0.10895910875165007
0 0.12345597387821507 0.6484775063599112 0.08796078974756856 0.1085393879644895
0 0.030048076923076924 0.7175480769230769 0.06009615384615385 0.1466346153846154
0 0.9088996223721968 0.5970313793186729 0.13716590303590953 0.15340355772493
0 0.5901442307692307 0.8653846153846154 0.14182692307692307 0.1778846153846154
0 0.6213212913680572 0.655013712972582 0.1519814284440158 0.15871491497721482