1 0.4483173076923077 0.15865384615384615 0.036057692307692304 0.09134615384615384
1 0.32566601453004407 0.15354832313681713 0.05836359574741797 0.1177353967825622
1 0.18134434170847863 0.14380027663168404 0.07535834083811849 0.14726719520311718
1 0.23561268735160945 0.17284641907110893 0.06568701555147473 0.13726001368807472
1 0.37883033327095544 0.1994703632656223 0.04614857262877992 0.08359180450414377
1 0.021634615384615384 0.17427884615384615 0.04326923076923077 0.12740384615384615
1 0.6502403846153846 0.08173076923076923 0.18028846153846154 0.16346153846153846
1 0.5204326923076923 0.0625 0.10336538461538461 0.125
0 0.10216346153846154 0.7067307692307693 0.20432692307692307 0.1346153846153846
1 0.328125 0.6983173076923077 0.17548076923076922 0.11778846153846154
0 0.9314903846153846 0.7259615384615384 0.13221153846153846 0.17307692307692307