0 0.28365384615384615 0.5516826923076923 0.10576923076923077 0.10336538461538461
1 0.34375 0.6069711538461539 0.009615384615384616 0.10336538461538461
0 0.5048076923076923 0.5420673076923077 0.0673076923076923 0.08413461538461539
0 0.4879807692307692 0.5588942307692307 0.10576923076923077 0.11778846153846154
0 0.4578305238497744 0.5716826457682753 0.049293742507015154 0.0699912418178344
0 0.6490384615384616 0.5408653846153846 0.10576923076923077 0.08173076923076923
0 0.6160437974513459 0.5473652822286673 0.05169758866086134 0.07000522698564918
0 0.5779179333153501 0.5663722887743998 0.039300724275395105 0.04830068576195979
0 0.7980769230769231 0.5216346153846154 0.10096153846153846 0.04326923076923077
0 0.7211538461538461 0.5300480769230769 0.052884615384615384 0.06009615384615385
0 0.7536057692307693 0.5276442307692307 0.05048076923076923 0.055288461538461536
0 0.8894230769230769 0.5084134615384616 0.057692307692307696 0.016826923076923076
0 0.8581730769230769 0.5168269230769231 0.052884615384615384 0.03365384615384615