0 0.0673076923076923 0.2824519230769231 0.1346153846153846 0.21394230769230768
0 0.03125 0.30288461538461536 0.0625 0.11538461538461539
0 0.2300120156499484 0.23029523191231854 0.07133828593201677 0.08967336769071384
0 0.013221153846153846 0.3545673076923077 0.026442307692307692 0.0985576923076923
0 0.4735576923076923 0.07692307692307693 0.19230769230769232 0.15384615384615385
0 0.2980769230769231 0.12139423076923077 0.21634615384615385 0.24278846153846154
0 0.08580757968900767 0.19839317172339774 0.11421896735956348 0.13484593433809783
0 0.6045673076923077 0.046875 0.09375 0.09375
0 0.9543269230769231 0.20552884615384615 0.08653846153846154 0.2283653846153846
1 0.18707535375539708 0.7325442142255892 0.07866178532756418 0.09241309664658705
1 0.43740460870272896 0.6482582270766983 0.0688224788441616 0.08715756060285866
1 0.6899038461538461 0.6177884615384616 0.11538461538461539 0.057692307692307696
1 0.5721153846153846 0.6334134615384616 0.09615384615384616 0.0889423076923077
1 0.3076298775195603 0.7201693952391982 0.0968322396125953 0.12204297703080404
1 0.5096153846153846 0.6574519230769231 0.125 0.13701923076923078
1 0.08614677641838228 0.8057989135961973 0.048472100273302225 0.06222341159232496
0 0.40638184449809456 0.7031811586159568 0.12210227142515606 0.1496048940632018
0 0.8870192307692307 0.8004807692307693 0.22115384615384615 0.3942307692307692