0 0.8757394446118361 0.45095434416068253 0.13407176572349316 0.1621680813457263
1 0.9867788461538461 0.4098557692307692 0.021634615384615384 0.13221153846153846
0 0.1494910041456123 0.7983722261296288 0.04705857197775824 0.08530602711524206
0 0.48225947525911583 0.8456340632212236 0.1268243645113689 0.1925768441964385
0 0.24198386753453408 0.8391313660557682 0.08675931567508198 0.13653758950199418
0 0.018028846153846152 0.8137019230769231 0.036057692307692304 0.0889423076923077
0 0.18993687008787866 0.8394174086860389 0.07441164251747387 0.09963866004501408
0 0.05042271688006094 0.8284213930982899 0.06811086690334306 0.11102696295227907
0 0.3413971091554791 0.8683970484309816 0.09448144909447966 0.1754197465381765
0 0.953125 0.9639423076923077 0.07932692307692307 0.0673076923076923
0 0.7572115384615384 0.953125 0.11057692307692307 0.0889423076923077