0 0.06661951889631067 0.089437943900539 0.06794512354674062 0.09965404852584037
0 0.18367204034230072 0.10315024765400242 0.04317092028189069 0.05993243721038401
0 0.8530940389447845 0.3655432072013227 0.038755676459227464 0.06446011332831685
0 0.7859577948916889 0.4455346079413095 0.043759593009434314 0.06714397567192247
0 0.3918269230769231 0.41947115384615385 0.04807692307692308 0.08413461538461539
1 0.5863158743793657 0.47044643770992395 0.03576315757783742 0.05710856677189851
0 0.39903846153846156 0.5252403846153846 0.0625 0.09375
0 0.7940783086289586 0.02721908166552894 0.027178049418696358 0.03986161941033613
0 0.7398441060703269 0.17650199658241483 0.03816700373168357 0.05724857486677825
0 0.4686754736701632 0.21282560765896083 0.03576315757783742 0.05710856677189851
1 0.5775105594541236 0.28860603285733993 0.059360015387599566 0.08240710116427795
0 0.7430324524620661 0.3043258670209003 0.03895190070174227 0.066863959482163
0 0.2956730769230769 0.6346153846153846 0.13942307692307693 0.09134615384615384