0 0.2860446281000529 0.21222200748671718 0.0640666039277778 0.06985437215546798
1 0.4132546586410252 0.12236344410534546 0.05920296147980782 0.06725462755179297
1 0.18002261676052292 0.2704612162029386 0.06166275777393164 0.06975642293055327
1 0.046875 0.31490384615384615 0.07451923076923077 0.0625
0 0.29306235094871746 0.11746598285962304 0.041928437280662416 0.04733821374662261
0 0.13566838789017055 0.5488277957287013 0.15826621492809848 0.1961725965483709
0 0.08653846153846154 0.9567307692307693 0.17307692307692307 0.08173076923076923
0 0.22115384615384615 0.3858173076923077 0.14423076923076922 0.07451923076923077
0 0.4026442307692308 0.38822115384615385 0.10817307692307693 0.07932692307692307
0 0.9266826923076923 0.5384615384615384 0.14182692307692307 0.1778846153846154
0 0.587565499621207 0.7020760824211875 0.1212573702356839 0.15383797355926945