0 0.24766396454837278 0.3697048177726679 0.12422608788369296 0.1827209058977201
0 0.2848557692307692 0.010817307692307692 0.06490384615384616 0.021634615384615384
0 0.35096153846153844 0.021634615384615384 0.0625 0.04326923076923077
0 0.4110576923076923 0.03485576923076923 0.07692307692307693 0.06971153846153846
0 0.14423076923076922 0.040865384615384616 0.0625 0.08173076923076923
0 0.2247596153846154 0.07091346153846154 0.10336538461538461 0.14182692307692307
0 0.144750102024591 0.1273033122923599 0.08283768566317438 0.13458310159865994
0 0.441363593222024 0.1235684109946919 0.08145127651418377 0.11294848621404455
0 0.05981297631825617 0.1841036302353985 0.09981865420109634 0.13806526597949884
0 0.37755236439787676 0.19249542304852935 0.1087246927336233 0.16496971005480326
0 0.9136511116080316 0.10873530702501742 0.062313671522276445 0.07581247567935961
1 0.4090029919783066 0.6486565925547337 0.059046433824573634 0.09954284629582315
1 0.08124696412244166 0.670744572436608 0.06339198974926906 0.0926393987562827
1 0.9008671807507744 0.7198440195928123 0.07331546528665155 0.09806327290797075
0 0.6763815308657761 0.8778244874918377 0.07510312959650196 0.08860193375358513
0 0.5588098384161069 0.817622712709772 0.03688880083482415 0.052637405684754605