0 0.1340883629209109 0.3530242507522135 0.050875946427148315 0.06093533966001056
0 0.34975961538461536 0.3125 0.055288461538461536 0.07692307692307693
0 0.7043269230769231 0.037259615384615384 0.16826923076923078 0.07451923076923077
0 0.9256255131403497 0.7974664073476118 0.04388832983362789 0.06561715409562432
0 0.8825735763844416 0.8966954483063894 0.04640413692148334 0.06806295954016324
0 0.49038461538461536 0.9807692307692307 0.0625 0.03365384615384615
1 0.6971153846153846 0.9771634615384616 0.04326923076923077 0.040865384615384616
1 0.3942307692307692 0.7536057692307693 0.028846153846153848 0.06490384615384616
0 0.7700275733292704 0.6572698133155317 0.041148600877754675 0.05836365634339298
0 0.5180352958595891 0.7817629483038545 0.038632793789899575 0.05591785089885407
1 0.6424458439923679 0.8180216240040195 0.06390282560246027 0.08277975149808998
0 0.8052949112442044 0.7767488130660614 0.04159644461379076 0.06797904095877759
1 0.39302884615384615 0.8954326923076923 0.026442307692307692 0.06971153846153846