0 0.05889423076923077 0.12620192307692307 0.11778846153846154 0.24278846153846154
0 0.5372596153846154 0.23557692307692307 0.15625 0.18269230769230768
1 0.5360576923076923 0.18389423076923078 0.15384615384615385 0.23317307692307693
0 0.390625 0.4110576923076923 0.13221153846153846 0.16346153846153846
0 0.2506305883012051 0.47596153846153844 0.18572055337777124 0.19230769230769232
0 0.4879807692307692 0.37740384615384615 0.057692307692307696 0.09615384615384616
0 0.49158653846153844 0.34975961538461536 0.06490384615384616 0.040865384615384616
1 0.6213942307692307 0.34375 0.08413461538461539 0.028846153846153848
0 0.5697115384615384 0.3605769230769231 0.10096153846153846 0.0625
0 0.7151442307692307 0.35096153846153844 0.12740384615384615 0.04326923076923077
0 0.6322115384615384 0.3858173076923077 0.1201923076923077 0.11298076923076923