0 0.10336538461538461 0.09134615384615384 0.20673076923076922 0.18269230769230768
1 0.7163461538461539 0.3233173076923077 0.2644230769230769 0.20432692307692307
1 0.33774038461538464 0.5024038461538461 0.16105769230769232 0.14903846153846154
1 0.39903846153846156 0.4795673076923077 0.11538461538461539 0.10336538461538461
1 0.3737980769230769 0.4795673076923077 0.13701923076923078 0.10336538461538461
1 0.7908897638711369 0.462493621553838 0.052393856412245816 0.055123834064795624
0 0.5505291310101078 0.6129413584005027 0.07657938694955185 0.08738148247087671
0 0.7758778158544329 0.5132806263894583 0.08177952774227351 0.09241309664658705
0 0.6545569212185416 0.5818659276562114 0.08379092541109046 0.08771736527290376
1 0.5491303885924214 0.7864924584832902 0.1161691156225082 0.13233012725024265
1 0.815589639172233 0.7210750244933131 0.13176953800067318 0.14742496977737354