0 0.2848557692307692 0.5913461538461539 0.06490384615384616 0.16826923076923078
0 0.26120302293122666 0.6492960975370583 0.10242259654837091 0.15496500514125808
0 0.0625 0.6778846153846154 0.125 0.1875
0 0.9776634865760635 0.7303835272731425 0.03629847522653625 0.0652954441071327
0 0.5772537358887997 0.7593941405523059 0.048807452120339295 0.07745453128825143
1 0.45068654829016863 0.7964011723302088 0.05783514138623721 0.06314333949468484
1 0.7819500136308731 0.7822183775032836 0.031098986019186235 0.05562411692699284
0 0.5934256369127137 0.8641992041448232 0.06592822287200573 0.08486186872643323
1 0.5185614852301368 0.48815028105566294 0.033698730622861245 0.060459780517062765
0 0.9089150797899008 0.4698450903392969 0.03100103679427167 0.053220270773146686
0 0.41551648066744523 0.50859611693923 0.02589949681183608 0.04595278974685298
0 0.6413576276695617 0.543691326200837 0.02859719064042565 0.05319229949076906
1 0.7567463331976192 0.6039561498065705 0.051211298274185454 0.07748250257062904
0 0.9230035147126616 0.5962707836752409 0.03149078291884395 0.06523950154237745
0 0.39980171172941503 0.6286625538608385 0.031001036794271703 0.053220270773146686
1 0.48764004556971413 0.627279659513775 0.04100821830931413 0.06294754051804165