1 0.42550742315424345 0.10888622468845946 0.08802658103817561 0.18696008578396026
1 0.35177039467477533 0.12689029485438758 0.10725735026894484 0.18852987972407767
0 0.7290140115913781 0.14999679042394592 0.09347529219364038 0.13706798928073505
0 0.3786057692307692 0.3545673076923077 0.07932692307692307 0.05048076923076923
0 0.16105769230769232 0.3954326923076923 0.16346153846153846 0.13221153846153846
0 0.019230769230769232 0.3858173076923077 0.038461538461538464 0.11298076923076923
0 0.73215042887865 0.6685645589634173 0.06627748708444384 0.11327490722845823
0 0.6547503918838545 0.7228225456795525 0.05143468937420655 0.10007833100413968
0 0.5344169007495565 0.7709971841455671 0.04595544380705752 0.08045511328834096
0 0.5894115577370057 0.7748974881061912 0.0610500739895911 0.10086322797419825
0 0.9067116419164768 0.5776114487005415 0.08520301409716916 0.17474463077221494