0 0.7427884615384616 0.056490384615384616 0.09615384615384616 0.11298076923076923
0 0.3516957979384963 0.09479936634544117 0.08508748635602154 0.13413374334814804
0 0.5475017961353899 0.0916120355981474 0.08206745835817951 0.1243080494454414
0 0.7012404866399756 0.08474429232271972 0.07198993735979815 0.11625527383461527
0 0.46563128054632785 0.13823259435975727 0.06416221705426381 0.10600896135726473
0 0.9346912138739819 0.09082637091353127 0.07362355620864929 0.10444635235270638
0 0.4407294274640097 0.15995765373767754 0.06702819959110684 0.11343080910612521
0 0.8475204289831623 0.11068915805185053 0.06625797228611209 0.10141157833689445
0 0.6179674203935607 0.14677954179700764 0.06370008067126694 0.0987974228957264
0 0.07451923076923077 0.3629807692307692 0.125 0.08653846153846154
0 0.16947115384615385 0.35697115384615385 0.10336538461538461 0.07451923076923077