0 0.030048076923076924 0.17908653846153846 0.06009615384615385 0.21394230769230768
0 0.1700898175889359 0.12260607042043872 0.0650180120591024 0.09090888728493104
0 0.22956730769230768 0.06610576923076923 0.15144230769230768 0.13221153846153846
0 0.040865384615384616 0.09495192307692307 0.08173076923076923 0.13701923076923078
0 0.3894230769230769 0.06490384615384616 0.16346153846153846 0.12980769230769232
0 0.2704326923076923 0.6117788461538461 0.06971153846153846 0.1466346153846154
0 0.10770759658485655 0.649746581262286 0.074913175792165 0.10119664509208011
0 0.59773887498171 0.576076053657726 0.07512301013042343 0.10840818355361857
0 0.7241506323968916 0.574462693977355 0.05738680492104683 0.07598153046803063
0 0.7843517034121746 0.5738661307595959 0.04784136508508178 0.07771300343011234
0 0.33653846153846156 0.5264423076923077 0.057692307692307696 0.12980769230769232