1 0.12860576923076922 0.08052884615384616 0.12740384615384615 0.16105769230769232
1 0.19951923076923078 0.08533653846153846 0.125 0.17067307692307693
1 0.2591275994337663 0.0720339969641939 0.0921150767927621 0.13799822565244704
1 0.3016826923076923 0.06971153846153846 0.06971153846153846 0.13942307692307693
0 0.421875 0.06850961538461539 0.15625 0.13701923076923078
1 0.021634615384615384 0.7872596153846154 0.04326923076923077 0.06971153846153846
1 0.16476053885248282 0.7781082831244035 0.054821020172042 0.07510662769916052
1 0.2308211341519327 0.9448547631346826 0.07050416994903695 0.09690907077804148
1 0.32572115384615385 0.6754807692307693 0.021634615384615384 0.04807692307692308
1 0.08059036065653223 0.7157892543945438 0.0312262914591099 0.04120104000391592
1 0.7289976641928043 0.7889972031532833 0.07969953027978222 0.08980941744601349