0 0.3125 0.17908653846153846 0.04807692307692308 0.08413461538461539
0 0.15795564300430656 0.09904841345710248 0.1712608434994309 0.18305777472418833
0 0.5834863922513062 0.17174849837337253 0.17601799582445293 0.21675358016872737
0 0.4014423076923077 0.19831730769230768 0.125 0.25721153846153844
1 0.06714671575183641 0.7898455712998529 0.0735271443315142 0.09011716783170698
1 0.18950776296744862 0.7199540290911883 0.07061901828384456 0.08286367007947576
1 0.9819711538461539 0.6237980769230769 0.03125 0.08413461538461539
1 0.9127463019956288 0.6716822059139701 0.06581132597615226 0.08277975149808998
1 0.7011655371494621 0.7532214285678074 0.06323938652436499 0.08033394605355107
1 0.812322550094214 0.7119452641064861 0.04987540937160517 0.06089338036931767
1 0.49198861845714137 0.8348026105123375 0.05602784806282653 0.08020806818147254
1 0.5996239088200946 0.7946654301919001 0.06787898553411618 0.07801401848109044
1 0.3836556849110884 0.882130349648967 0.05792741432284934 0.07303848901062683