0 0.6081730769230769 0.11658653846153846 0.16346153846153846 0.23317307692307693
1 0.15504807692307693 0.08413461538461539 0.12259615384615384 0.16826923076923078
0 0.6983173076923077 0.41466346153846156 0.016826923076923076 0.08413461538461539
0 0.20072115384615385 0.6358173076923077 0.04567307692307692 0.036057692307692304
0 0.5348557692307693 0.6634615384615384 0.12740384615384615 0.09134615384615384
0 0.2980769230769231 0.6622596153846154 0.08653846153846154 0.0889423076923077
0 0.0673076923076923 0.6538461538461539 0.04326923076923077 0.07211538461538461
0 0.24519230769230768 0.6574519230769231 0.07692307692307693 0.07932692307692307
0 0.10697115384615384 0.6634615384615384 0.06971153846153846 0.09134615384615384
0 0.40024038461538464 0.6802884615384616 0.09375 0.125
0 0.007211538461538462 0.6610576923076923 0.014423076923076924 0.08653846153846154