0 0.15865384615384615 0.07572115384615384 0.15865384615384615 0.15144230769230768
0 0.8617788461538461 0.16105769230769232 0.18028846153846154 0.25
0 0.6201923076923077 0.2439903846153846 0.10096153846153846 0.08413461538461539
0 0.5120192307692307 0.7163461538461539 0.009615384615384616 0.07211538461538461
0 0.1355220164578981 0.6186719836127151 0.05576395724416461 0.08462831471997585
1 0.019230769230769232 0.6141826923076923 0.038461538461538464 0.07451923076923077
1 0.32738218339551695 0.7056734796286845 0.033989490181401294 0.05945603103356398
0 0.12648621495167814 0.725202206623555 0.07263283582453212 0.09272171485214245
1 0.14555775746287603 0.3402667606018754 0.03882515282472317 0.06451568381857847
0 0.5108173076923077 0.44591346153846156 0.01201923076923077 0.06009615384615385
0 0.041032405274012765 0.3275750817585766 0.031529703356296 0.049714666179518134
0 0.25082352219077414 0.43234835264142785 0.03397550501358651 0.057052184879717756
1 0.34645991713547286 0.5263298698801818 0.05816780339801069 0.08475429495863687
0 0.5024038461538461 0.5721153846153846 0.028846153846153848 0.07211538461538461
0 0.008413461538461538 0.4362980769230769 0.016826923076923076 0.06009615384615385
1 0.08231654356869182 0.4643951205505314 0.04605067645407642 0.06729747068840812
0 0.762632975442783 0.4966665048863559 0.0702429748385006 0.09499958076732745
0 0.5336538461538461 0.4362980769230769 0.028846153846153848 0.10817307692307693
0 0.9330403341773787 0.551284178754375 0.09451918422981392 0.13712476776932356
0 0.7096714416351861 0.5071160934819643 0.05573598690853524 0.07982062241228355