1 0.04326923076923077 0.09134615384615384 0.08653846153846154 0.16346153846153846
0 0.9278846153846154 0.1346153846153846 0.13942307692307693 0.2644230769230769
1 0.49489242793943894 0.13136024737311552 0.13103838707539436 0.2213747002904666
1 0.8305288461538461 0.6911057692307693 0.07932692307692307 0.026442307692307692
1 0.6875 0.6899038461538461 0.04807692307692308 0.02403846153846154
1 0.5637019230769231 0.7067307692307693 0.06490384615384616 0.057692307692307696
1 0.43149038461538464 0.7223557692307693 0.06490384615384616 0.0889423076923077
0 0.7367788461538461 0.6983173076923077 0.06971153846153846 0.040865384615384616
1 0.9098557692307693 0.6850961538461539 0.040865384615384616 0.014423076923076924
1 0.48197115384615385 0.7295673076923077 0.07451923076923077 0.10336538461538461
1 0.6286057692307693 0.7151442307692307 0.05048076923076923 0.07451923076923077