0 0.5835673707523396 0.2228898666882467 0.09206850260268568 0.1976495839716615
0 0.38610916384975436 0.2381867491361393 0.12885672395379422 0.2757478790987876
0 0.11005865305710445 0.23822494262544458 0.18929160994370642 0.34507023118485
1 0.9242788461538461 0.03485576923076923 0.07932692307692307 0.06971153846153846
0 0.4026442307692308 0.7223557692307693 0.16105769230769232 0.10817307692307693
0 0.5324519230769231 0.7367788461538461 0.13701923076923078 0.13701923076923078
1 0.9507334242764803 0.7352105610861107 0.05601899058187776 0.07876984838658284
0 0.9034666273768225 0.746462856771421 0.06612412132183465 0.09112485578554196
0 0.89908135449018 0.824629828850137 0.0917297704589273 0.13042583582140121
0 0.720974308277786 0.806845207040366 0.09634156431679076 0.1257860318285731
0 0.9699519230769231 0.8473557692307693 0.055288461538461536 0.13221153846153846