0 0.0985576923076923 0.11298076923076923 0.1971153846153846 0.22596153846153846
1 0.28966346153846156 0.16105769230769232 0.021634615384615384 0.11057692307692307
1 0.5618131312411967 0.04118251330624556 0.053849679070550494 0.05960539487378428
1 0.45837872439759547 0.09755060491070357 0.05886716783170698 0.07201707412804427
1 0.6382211538461539 0.030048076923076924 0.055288461538461536 0.06009615384615385
0 0.009615384615384616 0.5180288461538461 0.019230769230769232 0.09375
0 0.2283653846153846 0.4543269230769231 0.09615384615384616 0.07211538461538461
0 0.07935063249108373 0.5026724146992857 0.1251137112877237 0.15423820559901744
0 0.04567307692307692 0.53125 0.09134615384615384 0.1201923076923077
0 0.17548076923076922 0.49399038461538464 0.14903846153846154 0.15144230769230768
0 0.5564903846153846 0.45913461538461536 0.25240384615384615 0.08173076923076923