1 0.8876681711615012 0.07593004354476553 0.12327361813367059 0.13735694148899583
1 0.6857042999128513 0.1903325166573722 0.1914097887096937 0.21819451835341902
1 0.5096153846153846 0.2800480769230769 0.16346153846153846 0.20432692307692307
0 0.14287384913843892 0.6995532354736648 0.07073591517969803 0.08570121931239318
1 0.036057692307692304 0.7752403846153846 0.07211538461538461 0.07932692307692307
1 0.34449898824333036 0.6525144048090282 0.045620012167177586 0.058699410217307686
0 0.19448921474260863 0.7909843194692845 0.08805258438119332 0.09811210106356846
1 0.009615384615384616 0.4639423076923077 0.019230769230769232 0.0673076923076923
0 0.13034851167086725 0.47549199190347247 0.045620012167177516 0.058699410217307686
1 0.2607214570935387 0.4941662745486115 0.07313976133354426 0.08575716945267099
0 0.40625 0.4387019230769231 0.038461538461538464 0.06009615384615385
1 0.021634615384615384 0.6045673076923077 0.04326923076923077 0.07451923076923077
0 0.6760746533498435 0.5147927824691776 0.10016976437533852 0.10079569791880352
0 0.8401442307692307 0.4519230769230769 0.0889423076923077 0.08653846153846154
0 0.5818389973687135 0.5835801386770836 0.05533334600747663 0.06132705693226507
0 0.5012019230769231 0.6526442307692307 0.1466346153846154 0.1658653846153846