0 0.314462452123553 0.47593557227712313 0.08939677928303894 0.11984861771878262
0 0.5300480769230769 0.40625 0.08413461538461539 0.13942307692307693
0 0.4987980769230769 0.43149038461538464 0.021634615384615384 0.07451923076923077
0 0.6800579118157484 0.40914262146538677 0.08744077686522886 0.12926777809165257
0 0.5957816882999479 0.43121903894478447 0.04674001972351013 0.07805126713449481
0 0.6280096895088529 0.4386757585264248 0.041372522745772716 0.06563958788023469
0 0.769642337914934 0.42852026132891763 0.046516097855492086 0.0732435748268025
0 0.838767738436599 0.42089149839443185 0.04159644461379076 0.07044728018792706
0 0.7353727066240382 0.4389942757798661 0.04170840554779978 0.07285112634177321
0 0.8768933940961104 0.43124262473620506 0.09521211999681228 0.14187568158842737
0 0.9735576923076923 0.4170673076923077 0.04807692307692308 0.08413461538461539
0 0.9433910265959112 0.4282253298668969 0.03885671565791755 0.06303951748387385