0 0.5895534260506706 0.2679777072493471 0.09321541418750293 0.13446791888437423
0 0.39755557352998916 0.28102780957306994 0.041611044428067276 0.06323574172638853
0 0.5545665657715981 0.2854670359193193 0.049578464321572716 0.07824749137700948
0 0.20504868924502093 0.3072009536216894 0.06690930835314045 0.08923644568999684
0 0.10781378944327077 0.32439614429397257 0.038955237796898926 0.05823182517618154
0 0.1631022509817323 0.32890930187181 0.049326503844250524 0.07343979906931718
0 0.6550480769230769 0.22956730769230768 0.040865384615384616 0.10336538461538461
0 0.4436168127883337 0.2464907559618249 0.055897919493198986 0.10748609370819268
0 0.30887033712464584 0.25583677856743836 0.08385199004944063 0.13849071422200782
0 0.2932692307692308 0.3918269230769231 0.052884615384615384 0.02403846153846154
0 0.6141826923076923 0.41346153846153844 0.12259615384615384 0.0673076923076923
0 0.39302884615384615 0.4170673076923077 0.09375 0.07451923076923077
0 0.16706730769230768 0.41225961538461536 0.05048076923076923 0.06490384615384616
0 0.3425480769230769 0.41225961538461536 0.07932692307692307 0.06490384615384616
0 0.20793269230769232 0.421875 0.07451923076923077 0.08413461538461539
0 0.4963942307692308 0.4326923076923077 0.10336538461538461 0.10576923076923077
0 0.0889423076923077 0.421875 0.0625 0.08413461538461539
0 0.018028846153846152 0.43509615384615385 0.036057692307692304 0.10576923076923077