0 0.24158653846153846 0.03365384615384615 0.24759615384615385 0.0673076923076923
1 0.9749451353365906 0.2102296170712436 0.044392831297896916 0.06873474298403778
1 0.6828624952153566 0.28906436382000555 0.06500938315393895 0.09584860393580218
1 0.9867788461538461 0.20673076923076922 0.021634615384615384 0.08173076923076923
1 0.7850940576827908 0.2638201496658104 0.07335474376342788 0.11773505179271382
1 0.9255981882537717 0.2336270597619328 0.08499603381667516 0.11094323411833572
1 0.8424714147784456 0.25579587450282504 0.054512136867926185 0.07868590422915075
1 0.640155064710459 0.3242711768863453 0.08056628222496627 0.11798688426501008
1 0.44711538461538464 0.3786057692307692 0.07692307692307693 0.10817307692307693
0 0.026442307692307692 0.7019230769230769 0.052884615384615384 0.16826923076923078
0 0.3629807692307692 0.6141826923076923 0.08653846153846154 0.13701923076923078
0 0.23197115384615385 0.5949519230769231 0.17548076923076922 0.13221153846153846
0 0.12860576923076922 0.6310096153846154 0.21394230769230768 0.20432692307692307