0 0.17668269230769232 0.051682692307692304 0.11778846153846154 0.10336538461538461
0 0.1346153846153846 0.036057692307692304 0.0673076923076923 0.07211538461538461
0 0.36658653846153844 0.013221153846153846 0.055288461538461536 0.026442307692307692
0 0.08176733215634555 0.05909643208519004 0.06968581480795565 0.08408120563886766
0 0.6225961538461539 0.30288461538461536 0.3269230769230769 0.5432692307692307
0 0.7960022807931227 0.2778425515969799 0.2450194682985569 0.3327457581975753
0 0.19471153846153846 0.65625 0.13942307692307693 0.15384615384615385
1 0.32091346153846156 0.6081730769230769 0.08413461538461539 0.057692307692307696
0 0.7071648902699442 0.8786400312824647 0.060560043648507644 0.1005723520860624
0 0.8288867343733544 0.9044069561765051 0.04763153074682309 0.06890263129890183
0 0.8873962688557777 0.9155714781655729 0.035752189536431445 0.07329060281943384
0 0.4735576923076923 0.7728365384615384 0.028846153846153848 0.11778846153846154