0 0.203125 0.10576923076923077 0.17067307692307693 0.21153846153846154
0 0.8185096153846154 0.19230769230769232 0.3581730769230769 0.38461538461538464
0 0.21674583431559433 0.7887533946189851 0.12518518202619908 0.17297079356512426
0 0.3737980769230769 0.6754807692307693 0.11778846153846154 0.11538461538461539
0 0.4855769230769231 0.6490384615384616 0.10096153846153846 0.0625
0 0.13025366828368254 0.750310208248512 0.08576729544139242 0.11380924749909987
1 0.6550480769230769 0.7680288461538461 0.03125 0.09375
1 0.8950149111735138 0.6748768204163625 0.06740028332079184 0.08668129523239106
1 0.75386544160533 0.7513733877749478 0.09339885818757009 0.12131463363538177
1 0.9519230769230769 0.6838942307692307 0.09134615384615384 0.13221153846153846
0 0.8545351096066637 0.7316834949409982 0.11897740876970914 0.14873643357683386