1 0.44591346153846156 0.02283653846153846 0.11778846153846154 0.04567307692307692
0 0.7106238649740703 0.355108608699949 0.24108993527624006 0.23346849537742193
0 0.7704326923076923 0.42788461538461536 0.25721153846153844 0.1971153846153846
0 0.7784770205504112 0.09321773637432128 0.13631279094472612 0.13705793233636962
0 0.6274038461538461 0.09495192307692307 0.1778846153846154 0.18990384615384615
1 0.9523109234345094 0.26830117653209484 0.05792741432284906 0.07612274114397923
1 0.43391294398492053 0.9591653214343976 0.036343338920904245 0.04101167443428066
0 0.04904485945618438 0.760840916700707 0.05691885453520252 0.0616996642209023
1 0.03245192307692308 0.8257211538461539 0.06490384615384616 0.12740384615384615
1 0.7932692307692307 0.5985576923076923 0.15865384615384615 0.13942307692307693
0 0.9200012636977524 0.631205962036863 0.11859486139542706 0.1572353271651324