0 0.2283653846153846 0.24519230769230768 0.4567307692307692 0.4230769230769231
0 0.4036524557458057 0.26113849456955446 0.31095217576738593 0.36776250984711056
0 0.6490384615384616 0.026442307692307692 0.038461538461538464 0.052884615384615384
0 0.7235576923076923 0.01201923076923077 0.08653846153846154 0.02403846153846154
1 0.24171707279155064 0.7755474740717255 0.05239019598489382 0.07010785420528756
1 0.47062345892608776 0.6765601463594096 0.04471652114035862 0.0624762914591099
1 0.6081730769230769 0.6189903846153846 0.038461538461538464 0.04567307692307692
1 0.5566997840815523 0.6643083164821996 0.0391386015276713 0.05017704450011959
1 0.15799801167050115 0.8057581460553419 0.0496782589090498 0.06516015380271566
1 0.018028846153846152 0.8605769230769231 0.036057692307692304 0.0673076923076923
0 0.8930288461538461 0.5564903846153846 0.2091346153846154 0.19471153846153846