0 0.1310096153846154 0.020432692307692308 0.14182692307692307 0.040865384615384616
1 0.0733173076923077 0.027644230769230768 0.13221153846153846 0.055288461538461536
0 0.936579878595553 0.3183569721867298 0.04756158596740352 0.06783070991282641
0 0.9086538461538461 0.41346153846153844 0.052884615384615384 0.0673076923076923
0 0.7463942307692307 0.020432692307692308 0.03125 0.040865384615384616
1 0.3931008134880635 0.2763311595394274 0.045087795034138005 0.06527281829798125
0 0.7585240143530533 0.17738098395661325 0.04254405932145279 0.06031108052928994
0 0.5282757563388043 0.3041884745861382 0.04014021316760664 0.06015703506829094
1 0.657650918143188 0.33887221444189003 0.06735191343352899 0.08829384283158713
0 0.8135990284625918 0.2972794998296292 0.04522768459297707 0.07008051060567357
1 0.4098557692307692 0.41466346153846156 0.055288461538461536 0.06490384615384616
1 0.2548076923076923 0.46634615384615385 0.057692307692307696 0.03365384615384615
0 0.4026442307692308 0.5120192307692307 0.06971153846153846 0.125
0 0.5492788461538461 0.5192307692307693 0.11778846153846154 0.13942307692307693