0 0.10096153846153846 0.11057692307692307 0.20192307692307693 0.22115384615384615
0 0.8377403846153846 0.37259615384615385 0.17548076923076922 0.12980769230769232
0 0.5760535085186613 0.12303835267310201 0.06965051576894571 0.0868325995361506
0 0.8088942307692307 0.03365384615384615 0.08413461538461539 0.0673076923076923
0 0.46153846153846156 0.234375 0.02403846153846154 0.13701923076923078
0 0.8762019230769231 0.030048076923076924 0.0889423076923077 0.06009615384615385
0 0.9387019230769231 0.030048076923076924 0.10336538461538461 0.06009615384615385
0 0.6835357249327638 0.13574476502329993 0.08554575770327616 0.10483686806816174
0 0.7660477986658124 0.1337827209642361 0.13824948510128174 0.16164596830307051
0 0.699582433552992 0.22512867644430704 0.11796716943390297 0.1480569435937224
0 0.5452388377436612 0.09333356899138429 0.06316034916267793 0.06720938182035209
0 0.9639423076923077 0.08774038461538461 0.0673076923076923 0.12740384615384615
0 0.49158653846153844 0.3485576923076923 0.08413461538461539 0.14423076923076922
0 0.6259055299786331 0.31706330465192206 0.1354250203727917 0.15664205175286347
0 0.9266826923076923 0.18269230769230768 0.14182692307692307 0.1875
0 0.5966659987673791 0.07839555220626854 0.07947620967165228 0.09002134266005547
0 0.1310096153846154 0.5 0.2283653846153846 0.1201923076923077
1 0.7011009106064823 0.5469253454401675 0.10477652693404539 0.10640666200827908
1 0.9014423076923077 0.4579326923076923 0.07692307692307693 0.036057692307692304