0 0.5600961538461539 0.09975961538461539 0.16346153846153846 0.19951923076923078
0 0.8737980769230769 0.10336538461538461 0.24759615384615385 0.20673076923076922
0 0.11472583933584811 0.7845147353296056 0.07652469296852506 0.08455417041905924
0 0.021634615384615384 0.8485576923076923 0.04326923076923077 0.0625
0 0.010817307692307692 0.859375 0.021634615384615384 0.055288461538461536
0 0.04312970810403439 0.8430103888161147 0.05628608182846659 0.06521151984577173
0 0.3088942307692308 0.5697115384615384 0.17548076923076922 0.13942307692307693
0 0.24810863601645708 0.6482297258706515 0.12484335490348641 0.1353006578383097
0 0.20168478847105534 0.6852306156506932 0.09473739867072094 0.11109437428607058
0 0.15772777719883033 0.7210435675216266 0.08424015238470818 0.09421151053788836
0 0.5420673076923077 0.7127403846153846 0.12740384615384615 0.28125
0 0.6053061962917229 0.6224159493748603 0.17201797307121297 0.21007162162820675