0 0.33052884615384615 0.10336538461538461 0.17548076923076922 0.20673076923076922
1 0.39302884615384615 0.056490384615384616 0.10817307692307693 0.11298076923076923
0 0.9206365139975006 0.23615678946000593 0.03547241041875346 0.06406745307612614
0 0.8495224668569075 0.30846313481888493 0.04035004750586506 0.06669522109799034
0 0.4639423076923077 0.24158653846153846 0.028846153846153848 0.08413461538461539
1 0.6491860092975609 0.31233555067528634 0.032858729926648615 0.05674395368057867
0 0.46875 0.34615384615384615 0.038461538461538464 0.09134615384615384
0 0.817615217633751 0.03691083317110255 0.03526257608049504 0.05685591461458769
0 0.5453732097972784 0.04463595946877207 0.032858729926648615 0.05674395368057867
1 0.6499147938360034 0.13112506839492427 0.0551927931054591 0.0817900636251214
0 0.8141107524814467 0.16397879652292163 0.035542355198172754 0.0664712992299723
1 0.373914265383131 0.7168468422707991 0.05526273788487866 0.0841939097789674