1 0.055288461538461536 0.12620192307692307 0.11057692307692307 0.25240384615384615
0 0.6929218488082614 0.1685623769365054 0.061339820264342176 0.09105161911629896
0 0.9699519230769231 0.11538461538461539 0.055288461538461536 0.21153846153846154
0 0.792429324245965 0.18031145223163342 0.10830710358827798 0.14746827086617836
0 0.5669050523456495 0.22475882192028382 0.05893597411049609 0.09085539487378427
0 0.7430076547855129 0.19561773661210927 0.0889587810422378 0.11003700886088333
0 0.6078544836100046 0.2268927109661101 0.08722730808015623 0.11945616923375327
0 0.8964670820531141 0.1791337100443796 0.12301582712456685 0.18691093054029023
0 0.48771271590036724 0.25093156923673743 0.07145948477355027 0.09904805454789606
0 0.4014423076923077 0.2764423076923077 0.08173076923076923 0.10096153846153846
0 0.3762019230769231 0.2956730769230769 0.036057692307692304 0.0625
0 0.09254807692307693 0.5865384615384616 0.18509615384615385 0.34134615384615385
1 0.4963942307692308 0.5084134615384616 0.24278846153846154 0.3581730769230769