0 0.5300480769230769 0.07091346153846154 0.15144230769230768 0.14182692307692307
0 0.22716346153846154 0.06009615384615385 0.15625 0.1201923076923077
0 0.05889423076923077 0.10336538461538461 0.11778846153846154 0.20673076923076922
0 0.6838942307692307 0.390625 0.12740384615384615 0.11298076923076923
0 0.8353365384615384 0.013221153846153846 0.05048076923076923 0.026442307692307692
0 0.7139423076923077 0.036057692307692304 0.0625 0.07211538461538461
0 0.779270978239709 0.046647100208419 0.06412674747047803 0.08828708102394928
0 0.8398709562889034 0.059213027386214416 0.07452585862392606 0.10539378321855038
0 0.6586538461538461 0.125 0.10096153846153846 0.14423076923076922
0 0.8712395450776077 0.16575165072905979 0.08196131895348256 0.1104113098645012
0 0.8086605452681221 0.23954932314117713 0.11086676719398844 0.16406531782273118
0 0.9723557692307693 0.29447115384615385 0.05048076923076923 0.16105769230769232
0 0.36177884615384615 0.48677884615384615 0.12259615384615384 0.07451923076923077
0 0.021634615384615384 0.5204326923076923 0.04326923076923077 0.14182692307692307