0 0.058897366547626076 0.1292378883599759 0.05540705032716572 0.10665037587378023
0 0.055288461538461536 0.018028846153846152 0.04326923076923077 0.036057692307692304
1 0.7428442638565138 0.35216283778391255 0.06949424444821559 0.09969059315639885
0 0.47747283292170783 0.31625535651700837 0.05417548005306663 0.08020806818147254
1 0.9659574263555176 0.31395578483534525 0.0641267474704783 0.08758744380578229
0 0.862397767069291 0.2904959403055918 0.046292175987474045 0.06565911338631708
1 0.6395908401751382 0.3479547421302747 0.049703670547401387 0.08733568806162537
1 0.5549293812450014 0.2803174587892171 0.04662805878950111 0.07287065184785554
1 0.6352079722610011 0.2612694230743883 0.03611698670204433 0.053472045454315026
0 0.8109093494324408 0.3112494105856577 0.0418203664818088 0.07278673326646991
1 0.7360575497885306 0.2654355594373333 0.03874475472390852 0.058321697052700086