1 0.09441016654182459 0.19731117595636477 0.027701470053789132 0.03713513378175129
0 0.801682743257092 0.24030900128535967 0.038240240400926565 0.0639692383737167
0 0.7568796423200203 0.3321000167870707 0.0408119748696369 0.06887487990632343
0 0.3650412815760654 0.3845459592857165 0.05565477257987412 0.08148180602504104
1 0.5718559949642668 0.3953734387822053 0.03318071562093786 0.056561801462349376
0 0.39865698519000603 0.48793378613560867 0.07032968197524744 0.08928103983606607
0 0.6471459394068287 0.0767842262637408 0.035584561774784015 0.0566597506872638
0 0.39457803447692896 0.16491032611804432 0.033180715620938 0.056561801462349376
1 0.5176931204735175 0.2191356081300701 0.05805861873372027 0.08157975524995546
0 0.6815171404376581 0.2018066684982483 0.035920338404512635 0.06627513530264842
1 0.18650415872724635 0.7956811501011125 0.14407053999352606 0.20750618274320054