1 0.14543269230769232 0.08052884615384616 0.12259615384615384 0.16105769230769232
0 0.8197115384615384 0.025240384615384616 0.04326923076923077 0.05048076923076923
0 0.9170673076923077 0.055288461538461536 0.07932692307692307 0.11057692307692307
0 0.6887019230769231 0.037259615384615384 0.040865384615384616 0.07451923076923077
0 0.8665865384615384 0.04807692307692308 0.06971153846153846 0.09615384615384616
0 0.7283653846153846 0.04927884615384615 0.0625 0.0985576923076923
0 0.9879807692307693 0.07692307692307693 0.019230769230769232 0.15384615384615385
0 0.6057692307692307 0.042067307692307696 0.052884615384615384 0.08413461538461539
0 0.515625 0.04807692307692308 0.06009615384615385 0.09615384615384616
0 0.480844102911471 0.05592589277750985 0.031869679574021634 0.06004699860248367
0 0.44711538461538464 0.06370192307692307 0.014423076923076924 0.0985576923076923
1 0.32572115384615385 0.5661057692307693 0.21875 0.055288461538461536