0 0.8245192307692307 0.19418027345629238 0.1466346153846154 0.171146333019869
0 0.2620192307692308 0.6935096153846154 0.0673076923076923 0.10336538461538461
0 0.27884615384615385 0.7716346153846154 0.03365384615384615 0.1201923076923077
0 0.16947115384615385 0.6155564633112898 0.057692307692307696 0.0799466026509447
0 0.9759615384615384 0.8028846153846154 0.04326923076923077 0.15865384615384615
0 0.9459134615384616 0.7558511802857105 0.10336538461538461 0.1328209964162759
0 0.8725961538461539 0.69912416762193 0.11298076923076923 0.14294030198630517
0 0.8149038461538461 0.6768698726632929 0.0889423076923077 0.12004588421507816
0 0.7367788461538461 0.6751793610606516 0.10096153846153846 0.13750270848530705
0 0.7067307692307693 0.6026911465389255 0.07692307692307693 0.1001852137910031
0 0.6117788461538461 0.5796860809579637 0.09615384615384616 0.13484690185413856
0 0.5072115384615384 0.5309367098069726 0.0985576923076923 0.13978057440049205
0 0.4338942307692308 0.49278846153846156 0.10336538461538461 0.0673076923076923