0 0.96875 0.1201923076923077 0.057692307692307696 0.1201923076923077
0 0.6539371136299148 0.20742501339843322 0.1016909001632479 0.13748312057158457
0 0.466438118568964 0.2536170405216941 0.04472393441645295 0.06375900602955106
0 0.6220446919557696 0.23051922041473147 0.057078866027350565 0.07853180684972554
0 0.8639939013900644 0.20152595082840954 0.07703698708173089 0.11034136508508177
0 0.9169624419850966 0.20667050520640803 0.04981137742553443 0.07591812635762096
0 0.7307752604035258 0.1544097571911058 0.07927298281474347 0.10319977140296274
0 0.5074983237362717 0.21157184339230475 0.06255796001837616 0.10751785025471851
0 0.9266017819144232 0.7303978283281463 0.1267364642267097 0.18145179913501036
0 0.8968904107720623 0.7955943154264619 0.12405286737147438 0.1693626235863601
0 0.6989377839306093 0.8570965910423348 0.16575750409102583 0.20660937714418404