0 0.37740384615384615 0.1310096153846154 0.1201923076923077 0.18509615384615385
0 0.35407841550955454 0.19777271715202935 0.13322529065508185 0.16871884176955138
0 0.15121676671777762 0.27330206526340767 0.1764013571854507 0.20572768646196593
0 0.59375 0.16346153846153846 0.3076923076923077 0.3269230769230769
0 0.9232992193826836 0.8054422428126062 0.09864717173524194 0.15351246288258563
0 0.8458369833461103 0.8156461088399567 0.09679862620325444 0.12466630903643178
0 0.7562784938098068 0.8273316486456193 0.10478039196978764 0.13685339022649584
0 0.6983246773149323 0.8514830154036855 0.08191341289718064 0.1171190697332266
0 0.6372433694806474 0.9057104341549675 0.09004922412471285 0.13170999707713682
0 0.5696884674730943 0.8736791420691771 0.0709116191328054 0.09526065378750012
0 0.4835978432149235 0.9248882680626066 0.08508748635602154 0.12919425064273518