0 0.24759615384615385 0.14302884615384615 0.2644230769230769 0.2860576923076923
0 0.5384615384615384 0.35789170726953234 0.0673076923076923 0.07647768459297694
1 0.7572115384615384 0.6275863663026553 0.0673076923076923 0.08128537690066938
0 0.9254807692307693 0.7250305777850978 0.12259615384615384 0.15500949144270273
0 0.9639423076923077 0.7453804634865792 0.06490384615384616 0.0812154321212498
0 0.7091346153846154 0.6237836245604189 0.07692307692307693 0.09598823294142428
0 0.9783653846153846 0.8197115384615384 0.038461538461538464 0.11057692307692307
0 0.6875 0.6976733523148742 0.10817307692307693 0.13776289968926256
0 0.5216346153846154 0.6237980769230769 0.11538461538461539 0.13221153846153846
0 0.7752403846153846 0.7519090290713785 0.11778846153846154 0.1404465249607867
0 0.9783653846153846 0.890625 0.038461538461538464 0.14182692307692307