1 0.021634615384615384 0.32091346153846156 0.04326923076923077 0.18990384615384615
1 0.056490384615384616 0.2956730769230769 0.11298076923076923 0.1971153846153846
1 0.08572950342642532 0.2639934415184534 0.12282511098438668 0.15109116587987792
1 0.143227217930995 0.231857097442625 0.14023964316333432 0.16889814562095928
1 0.18870192307692307 0.0829326923076923 0.1658653846153846 0.1658653846153846
1 0.2976228383392679 0.10411620689725493 0.14239165684488433 0.16182661525430056
1 0.359375 0.0625 0.14182692307692307 0.125
1 0.589976291504967 0.36598133215070006 0.14032358732076647 0.17130199177480543
0 0.953125 0.18269230769230768 0.0889423076923077 0.1778846153846154
0 0.9795673076923077 0.15625 0.036057692307692304 0.21634615384615385
0 0.24639423076923078 0.6298076923076923 0.36778846153846156 0.14423076923076922