1 0.2608173076923077 0.021634615384615384 0.09375 0.04326923076923077
0 0.15865384615384615 0.039663461538461536 0.09615384615384616 0.07932692307692307
1 0.04807692307692308 0.039663461538461536 0.09134615384615384 0.07932692307692307
1 0.42908653846153844 0.5420673076923077 0.22355769230769232 0.24759615384615385
1 0.08653846153846154 0.6778846153846154 0.17307692307692307 0.33653846153846156
1 0.3691262402098822 0.609393100664738 0.2531931777520302 0.3580308256777363
0 0.9469674697522966 0.7606039308242968 0.06199845861559835 0.08523097160276344
0 0.8390451635214204 0.7952389552175317 0.04461203413589747 0.06021245340014348
0 0.8196185687996791 0.8025323519969552 0.03728859539380346 0.05498473680781183
0 0.8678353672272967 0.7993228985099351 0.04472393441645302 0.06502014570783579
0 0.9819711538461539 0.7103365384615384 0.03125 0.0985576923076923