1 0.546875 0.051682692307692304 0.07932692307692307 0.10336538461538461
0 0.517349735715568 0.759982786141879 0.052747261481435714 0.0651975346779568
0 0.4266064581772807 0.812203907410441 0.05531899595014577 0.07001921215346403
0 0.05547166800856754 0.6496661913798286 0.0726495839716615 0.08454018525124446
1 0.22905608556889356 0.766468698587347 0.045283890547600854 0.05794404071297398
0 0.036057692307692304 0.7512019230769231 0.07211538461538461 0.0985576923076923
0 0.47475961538461536 0.5625 0.05048076923076923 0.028846153846153848
1 0.2819483090817302 0.5942510619758844 0.07264958397166137 0.08454018525124446
0 0.43354706742187044 0.6667012892636747 0.050427359485021514 0.0675873956639883
0 0.7163461538461539 0.7704326923076923 0.2548076923076923 0.3629807692307692
0 0.8918269230769231 0.5913461538461539 0.18269230769230768 0.08653846153846154