0 0.8345902024805898 0.060388968755182196 0.11928113350035884 0.11080273351613258
0 0.33601511354550806 0.18960014013851512 0.15316757876218426 0.19801259673792748
0 0.8773231094111916 0.11193279065122924 0.14623605649040555 0.20265243862478646
0 0.5370281378518664 0.20992495192184862 0.10159045331326698 0.13679744008621803
0 0.6273242309864221 0.23007990340625042 0.15627146539042924 0.21008777764743597
0 0.1971153846153846 0.5228365384615384 0.057692307692307696 0.026442307692307692
1 0.026442307692307692 0.5709134615384616 0.052884615384615384 0.12259615384615384
0 0.20192307692307693 0.5420673076923077 0.04807692307692308 0.06490384615384616
1 0.6682692307692307 0.5408653846153846 0.11057692307692307 0.0625
1 0.8497596153846154 0.5276442307692307 0.10336538461538461 0.036057692307692304
1 0.7632211538461539 0.5444711538461539 0.11298076923076923 0.06971153846153846