0 0.3233173076923077 0.14182692307692307 0.2283653846153846 0.28365384615384615
0 0.9699519230769231 0.1201923076923077 0.055288461538461536 0.1346153846153846
0 0.8015277076148042 0.1504442496187504 0.04414087082057459 0.06345115238472232
0 0.9570848163021678 0.1408598548906522 0.05198231047541887 0.07563823357478637
0 0.6106006871227424 0.1952191094802353 0.06943913474564777 0.08804911532596166
0 0.5147566807559071 0.221799282645139 0.03908121803556009 0.0585315597964744
0 0.5699191620557075 0.22068228971768175 0.05173034999809668 0.07083054126709407
0 0.8451221105999719 0.11184384074556665 0.05830176564704514 0.10459628770149584
0 0.7118295184905296 0.13395101750539554 0.08878566259579397 0.13651768938482925
1 0.039663461538461536 0.8882211538461539 0.07932692307692307 0.21875
0 0.9002403846153846 0.6237980769230769 0.15625 0.13221153846153846