0 0.75 0.2932692307692308 0.03365384615384615 0.1778846153846154
0 0.6304741902669755 0.3234071159966388 0.08125965324708663 0.14993354257454497
0 0.5524191350463951 0.3249018954732127 0.08282416204789857 0.12111536001076874
0 0.462309876666874 0.32505489546097555 0.090315479627115 0.13081465847328608
0 0.40514215482021265 0.3424124308377591 0.06819125078656321 0.11373599385496469
0 0.34400607801889316 0.38856017749594124 0.07582245792461866 0.12824298462517447
0 0.276746219927702 0.34812750569209555 0.06042015408966851 0.0944213107770626
0 0.19026484134186855 0.39037578465454364 0.07101476561692628 0.12818704206041923
0 0.08165923391548316 0.41554539899867027 0.07355850132961149 0.13302270565048901
0 0.013221153846153846 0.4050480769230769 0.026442307692307692 0.11298076923076923
0 0.21699415433318325 0.7868985149096487 0.1472126710922253 0.18674645950643265