0 0.47745800206874045 0.09371218976630696 0.09526044924839078 0.13581546528665156
0 0.44174995079076823 0.12144958477439957 0.046484244112027485 0.07263840222051858
0 0.40226830258776114 0.13453283466791677 0.03661711795524443 0.050387604991907455
0 0.6298504912965728 0.08185946115512525 0.09039681437594324 0.13069968205696136
0 0.5497132430960131 0.11035278436550641 0.046540186676782724 0.07744609452821088
0 0.5822071230965027 0.11603816731976152 0.04159263795720246 0.06511877283698225
0 0.7200646502717476 0.09364578132720149 0.04888809026587364 0.07279244768151759
0 0.7883644810385309 0.08000723081182556 0.04405242667580385 0.07008051060567352
0 0.687794540530279 0.10719116760371558 0.04408039795818133 0.07248435675951964
0 0.8268679764236359 0.08607772741857808 0.09772023796699231 0.14077720305534286
0 0.9262779507785309 0.06242253712695781 0.05377969642069867 0.08031207706505399
0 0.8928199036013281 0.07709282374989551 0.0391887918033563 0.06496472737598331
0 0.9735576923076923 0.07211538461538461 0.04807692307692308 0.09615384615384616
0 0.171875 0.5228365384615384 0.11778846153846154 0.06971153846153846