1 0.3245192307692308 0.015625 0.09134615384615384 0.03125
1 0.36538461538461536 0.015625 0.11057692307692307 0.03125
1 0.26802884615384615 0.03245192307692308 0.06971153846153846 0.06490384615384616
1 0.18276380320583877 0.055790592490715094 0.05494808759973898 0.07235712347342275
1 0.21347464409234254 0.04901487405484861 0.07014139182781065 0.0851322356746205
1 0.027644230769230768 0.12980769230769232 0.055288461538461536 0.125
1 0.13909331727574828 0.08464696795615313 0.10114418212794987 0.12029784469240049
1 0.062000053383310084 0.11534538931110425 0.0675835002129655 0.08260240928211306
0 0.8159803219751828 0.07538230960491604 0.1038561192037939 0.12523151723875395
1 0.5913461538461539 0.3112980769230769 0.0673076923076923 0.10817307692307693
1 0.06490384615384616 0.47836538461538464 0.12980769230769232 0.22115384615384615
0 0.8165033395803167 0.4838386241851118 0.12206945142970774 0.1477479942939975
1 0.625 0.59375 0.1346153846153846 0.3125