0 0.3940473225157778 0.40163768966790825 0.19977081074970252 0.18093646202549102
0 0.814904966086726 0.3110094810882033 0.14537335568361698 0.15776306149364644
0 0.41083194228499553 0.7218095048411359 0.11484626885805173 0.13288526260215067
0 0.29086538461538464 0.703125 0.2692307692307692 0.2668269230769231
0 0.1141826923076923 0.6370192307692307 0.17067307692307693 0.1346153846153846
0 0.7235576923076923 0.6057692307692307 0.07692307692307693 0.07211538461538461
0 0.8130718531928637 0.6555489616699384 0.11775439490572136 0.1401667458431087
0 0.9516714969426052 0.7402744945889551 0.0867230281863329 0.10807740849007462
0 0.6610576923076923 0.6177884615384616 0.125 0.09615384615384616
0 0.752530196110522 0.6429480621024332 0.09617031950377626 0.10595334145390645
0 0.8656960919556025 0.7124811255247583 0.1302779055687756 0.14772800820174473
0 0.9459134615384616 0.7896634615384616 0.10336538461538461 0.18990384615384615