1 0.055288461538461536 0.056490384615384616 0.11057692307692307 0.11298076923076923
1 0.08173076923076923 0.06129807692307692 0.1346153846153846 0.12259615384615384
0 0.7680288461538461 0.02283653846153846 0.18990384615384615 0.04567307692307692
0 0.8629807692307693 0.05889423076923077 0.1778846153846154 0.11778846153846154
1 0.9326923076923077 0.0829326923076923 0.12980769230769232 0.1658653846153846
0 0.7852625516085973 0.8393299073396745 0.11981965073686031 0.14873643357683386
0 0.42495959403129135 0.6511198290134691 0.10927999335548208 0.13392155975409908
0 0.5865278472470675 0.7625435824497883 0.1040101646647929 0.12651412284273178
0 0.2860576923076923 0.6153846153846154 0.10096153846153846 0.11538461538461539
0 0.7159827089189872 0.8485575851988436 0.0913747520515664 0.11640899210277489
0 0.48730739097594855 0.7500652280773772 0.08354703174603191 0.10649975981264699
0 0.9026442307692307 0.9663461538461539 0.09375 0.0625
0 0.45109565320725725 0.7509998358575066 0.08641301428287508 0.11380924749909987
0 0.8173076923076923 0.9495192307692307 0.08653846153846154 0.09615384615384616
0 0.6053287631115646 0.8452538439297019 0.08068104920918902 0.0991902721261941