0 0.20793269230769232 0.20432692307692307 0.41586538461538464 0.40865384615384615
1 0.8449519230769231 0.01201923076923077 0.09375 0.02403846153846154
1 0.7872596153846154 0.03245192307692308 0.06971153846153846 0.06490384615384616
1 0.7007194934425284 0.06345980045148793 0.058941888459635 0.07325458406451446
1 0.44591346153846156 0.19591346153846154 0.055288461538461536 0.10336538461538461
1 0.732599394635834 0.0534431606752436 0.07399486657601774 0.08619808759973899
1 0.5247552464956828 0.1534841111821006 0.09751918554055058 0.12364218905642178
1 0.6568254722896338 0.09561977411477549 0.10700858991727404 0.1218545247465715
1 0.5800385972245022 0.13411359559303862 0.0715910204221716 0.08604404213873998
1 0.4338942307692308 0.2403846153846154 0.03125 0.125
1 0.5492788461538461 0.5649038461538461 0.13701923076923078 0.15384615384615385