0 0.23761363949229028 0.057692307692307696 0.05812216105857988 0.08173076923076923
0 0.1069891377601724 0.051682692307692304 0.07541122051849997 0.0889423076923077
0 0.15725498030780555 0.09254807692307693 0.07556526597949897 0.09134615384615384
0 0.20422314454666732 0.12860576923076922 0.09122070659056739 0.11057692307692307
0 0.03365384615384615 0.11538461538461539 0.0673076923076923 0.14903846153846154
0 0.34972040288780887 0.2776442307692308 0.04305061927478267 0.1466346153846154
0 0.1466346153846154 0.018028846153846152 0.057692307692307696 0.036057692307692304
0 0.17693542922452138 0.23557692307692307 0.09874033597410385 0.11538461538461539
0 0.08297050254138529 0.2764423076923077 0.135783182269927 0.16826923076923078
0 0.3641826923076923 0.08413461538461539 0.026442307692307692 0.07211538461538461
0 0.22640244626174735 0.4014423076923077 0.13051335357923768 0.16105769230769232
0 0.9050480769230769 0.10216346153846154 0.18509615384615385 0.20432692307692307
0 0.22956730769230768 0.8100961538461539 0.2956730769230769 0.375