0 0.32817453076126163 0.20471346863832535 0.1704624107644492 0.20379715284237662
0 0.11538461538461539 0.10697115384615384 0.19230769230769232 0.21394230769230768
1 0.16442646211000544 0.525404844048394 0.06859855697614356 0.08008214770111846
1 0.5360576923076923 0.6286057692307693 0.08173076923076923 0.10817307692307693
1 0.2894857565043575 0.5768629240317515 0.11203904307373537 0.13584612103999932
1 0.07861574664260249 0.542036810213988 0.07888570719558216 0.0946171097537058
0 0.5925480769230769 0.5264423076923077 0.026442307692307692 0.08653846153846154
0 0.8677884615384616 0.48197115384615385 0.14423076923076922 0.1658653846153846
0 0.7590787774367728 0.5108681978651787 0.10460358274417886 0.13095451488517432
0 0.7000166052665283 0.5079477250526608 0.07726558757979915 0.11141606154825126
0 0.644616182794058 0.5061872183934996 0.06915836164618866 0.09210137847034917