1 0.18613804884835616 0.13031538571705945 0.07018703416724147 0.0825419364197198
0 0.3489920338651004 0.2343669088160095 0.12828491172617837 0.15292478565832085
0 0.38757244625306464 0.2552471416417435 0.06776920284558066 0.08011011898349601
0 0.13803315543580352 0.12494826776181499 0.08227619077554629 0.09470102360083867
1 0.4567307692307692 0.3557692307692308 0.038461538461538464 0.10096153846153846
0 0.4240636787630156 0.33018594164663845 0.09436534738385113 0.10686011078195753
0 0.11321931843877021 0.19797187698915777 0.1137639386283978 0.1359300348871322
0 0.19888450834395635 0.2554552421289475 0.12339330841159733 0.1384457661704887
0 0.42427884615384615 0.4014423076923077 0.10336538461538461 0.13942307692307693
0 0.8822115384615384 0.026442307692307692 0.125 0.052884615384615384
0 0.921875 0.08052884615384616 0.15144230769230768 0.16105769230769232