0 0.25955774806201704 0.20194474564840761 0.05929364352443441 0.066043045602976
1 0.4155766798705186 0.18832602145270627 0.05448595121674211 0.065734954680978
1 0.13747031271829094 0.19890673373654716 0.05688979737058826 0.06588900014197699
1 0.013221153846153846 0.18028846153846154 0.026442307692307692 0.08173076923076923
0 0.3136765695402801 0.12365140108470249 0.03883051060567356 0.04557991268421501
0 0.2547966378737556 0.8178057965187262 0.06517965405911934 0.08317805960189695
0 0.3651120521481117 0.7878061441207362 0.04440843021836061 0.05790723437544379
1 0.4868286729420465 0.8415559934548642 0.062159626061277444 0.07340862952551347
1 0.8831607246216324 0.4797019669761748 0.07843124851634173 0.10317905613766093
1 0.6899038461538461 0.3858173076923077 0.04326923076923077 0.036057692307692304
1 0.8401442307692307 0.40024038461538464 0.05048076923076923 0.06490384615384616