0 0.6778846153846154 0.328125 0.038461538461538464 0.15625
0 0.7235576923076923 0.15745192307692307 0.12980769230769232 0.25240384615384615
0 0.6262019230769231 0.8930288461538461 0.06009615384615385 0.13221153846153846
0 0.5559597147973462 0.8936892680860663 0.10299513138676221 0.13986428391961056
0 0.5009821698634318 0.9107126137715871 0.08018386291655889 0.1212713426600554
0 0.44591346153846156 0.9435096153846154 0.0889423076923077 0.10817307692307693
0 0.37475497679517356 0.9171396519952325 0.06905563861970411 0.0988518303053813
0 0.29447115384615385 0.9435096153846154 0.0889423076923077 0.10817307692307693
0 0.18870192307692307 0.9555288461538461 0.0889423076923077 0.08413461538461539
0 0.09014423076923077 0.9543269230769231 0.09375 0.08653846153846154
1 0.6754807692307693 0.6117788461538461 0.03365384615384615 0.08413461538461539
0 0.7788461538461539 0.6225961538461539 0.14423076923076922 0.10576923076923077
1 0.7312553574138043 0.6549485762392393 0.07593099048536035 0.09463281072523316