0 0.027644230769230768 0.24759615384615385 0.055288461538461536 0.0673076923076923
1 0.16895336975921987 0.18834319908136743 0.04916786463493658 0.06473921868018014
0 0.051605480773033015 0.1576167286995413 0.03681295954016324 0.044948644779365936
0 0.5503135558225469 0.1170907189624836 0.04916786463493686 0.06473921868018014
1 0.458625644358673 0.06350137684929044 0.03440911338631709 0.04483668384535692
1 0.691918515861651 0.177338244572913 0.05667311813132487 0.08190202455913027
0 0.7640758597677285 0.1782932264393372 0.05144583291670447 0.057639641152650696
0 0.96875 0.15144230769230768 0.057692307692307696 0.10576923076923077
1 0.4567307692307692 0.5853365384615384 0.11057692307692307 0.09375
1 0.7271634615384616 0.5985576923076923 0.15144230769230768 0.1201923076923077
1 0.9387019230769231 0.5913461538461539 0.11778846153846154 0.10576923076923077