0 0.11774408233821632 0.4723105893744517 0.22906097095927846 0.21322927679813775
0 0.18990384615384615 0.5216346153846154 0.24519230769230768 0.14903846153846154
0 0.15025547717412435 0.2026481243717542 0.12911778359690482 0.1254907345884093
0 0.040865384615384616 0.21033653846153846 0.08173076923076923 0.21394230769230768
1 0.3576940864909737 0.3500027001306212 0.074629657837541 0.0693711645228159
0 0.5192307692307693 0.2860576923076923 0.2403846153846154 0.3701923076923077
0 0.38461538461538464 0.9338942307692307 0.02403846153846154 0.12740384615384615
0 0.36177884615384615 0.9290865384615384 0.06971153846153846 0.12259615384615384
0 0.2920673076923077 0.9350961538461539 0.09375 0.125
0 0.25298048897977016 0.8741901200556561 0.07200779636362757 0.09790922744697174
0 0.15553364346426013 0.8691532019621214 0.0865771631056004 0.13233330090581263
0 0.04659609351267123 0.8404324953715541 0.08934531439840973 0.13729503867450396