1 0.20873306764266447 0.09256729916304536 0.10132113434358968 0.09199877723877246
1 0.28974246501816303 0.07795679706330844 0.14365868397022774 0.11120583792865159
0 0.4879807692307692 0.5901442307692307 0.09615384615384616 0.18509615384615385
0 0.3543455578913824 0.6359742948766951 0.1094033312551279 0.15704263148749847
0 0.27725739367763597 0.6471890398879824 0.10468608294074035 0.1304603157003109
0 0.18705323026139672 0.6564318173005078 0.11514270470541277 0.14063573269521476
0 0.130653289639317 0.6797239428580208 0.0894217688683759 0.12000488251564775
0 0.07151932828205212 0.7342660684155338 0.10029900920769208 0.13498799181824375
0 0.021634615384615384 0.7007211538461539 0.04326923076923077 0.10336538461538461
0 0.8533653846153846 0.43028846153846156 0.23076923076923078 0.20192307692307693
0 0.7055288461538461 0.4170673076923077 0.19951923076923078 0.17548076923076922