1 0.19670695170961514 0.2112649494673784 0.07111436406399872 0.08761942927578331
0 0.3629807692307692 0.15264423076923078 0.10576923076923077 0.1658653846153846
0 0.39783653846153844 0.13701923076923078 0.036057692307692304 0.08653846153846154
0 0.16377753769947995 0.2445886210398856 0.08369339950327453 0.10069020648162376
0 0.20648364987131806 0.3122864205759254 0.11925058153527382 0.14449992111951543
0 0.052884615384615384 0.3870192307692308 0.10576923076923077 0.14423076923076922
0 0.3031709674253808 0.2833340220405264 0.12657408093082131 0.14753469513532735
0 0.4483173076923077 0.30288461538461536 0.06009615384615385 0.18269230769230768
0 0.7579227148958592 0.1605422695574066 0.11684673538142767 0.14428961183219352
0 0.8161057692307693 0.0733173076923077 0.18990384615384615 0.1466346153846154
0 0.6141826923076923 0.11899038461538461 0.2091346153846154 0.23798076923076922
0 0.5324519230769231 0.18629807692307693 0.2283653846153846 0.29086538461538464
0 0.1875 0.6742788461538461 0.375 0.25240384615384615
0 0.4519230769230769 0.6586538461538461 0.0673076923076923 0.10096153846153846
0 0.6593683365155143 0.6387550974413094 0.08151347521744648 0.10528758950199418