0 0.7596153846153846 0.32572115384615385 0.15384615384615385 0.16105769230769232
1 0.9927884615384616 0.03485576923076923 0.009615384615384616 0.06971153846153846
0 0.03245192307692308 0.43149038461538464 0.06490384615384616 0.04567307692307692
0 0.171875 0.42788461538461536 0.0889423076923077 0.038461538461538464
0 0.0889423076923077 0.4266826923076923 0.04807692307692308 0.036057692307692304
0 0.12139423076923077 0.4266826923076923 0.040865384615384616 0.036057692307692304
0 0.2620192307692308 0.421875 0.04807692307692308 0.026442307692307692
0 0.3293269230769231 0.41586538461538464 0.04326923076923077 0.014423076923076924
0 0.2283653846153846 0.4266826923076923 0.04326923076923077 0.036057692307692304
0 0.3701923076923077 0.4375 0.09615384615384616 0.057692307692307696
0 0.43509615384615385 0.41586538461538464 0.038461538461538464 0.014423076923076924
0 0.5252403846153846 0.421875 0.06009615384615385 0.026442307692307692
0 0.9014423076923077 0.43990384615384615 0.16346153846153846 0.0625
0 0.8365384615384616 0.4879807692307692 0.1971153846153846 0.15865384615384615