0 0.08413461538461539 0.13221153846153846 0.16826923076923078 0.2644230769230769
0 0.36538461538461536 0.0733173076923077 0.33653846153846156 0.1466346153846154
1 0.6879965166891556 0.35577659873875417 0.07949678337585471 0.11505718211307571
0 0.9651442307692307 0.34134615384615385 0.06490384615384616 0.12980769230769232
0 0.6117788461538461 0.3786057692307692 0.026442307692307692 0.11778846153846154
1 0.7315734732299143 0.3450755906004361 0.07457719078760693 0.1099694736156238
1 0.40024038461538464 0.7379807692307693 0.11298076923076923 0.1778846153846154
0 0.5420673076923077 0.7211538461538461 0.08413461538461539 0.14423076923076922
1 0.8918508783908652 0.7866262142319651 0.05221522357938045 0.0774594007617059
0 0.8492240692957798 0.8082145341100309 0.06211035889615397 0.09003866391045576
0 0.870326153408707 0.8840638417806195 0.08464017652521386 0.1297602752259121
0 0.6916862111303416 0.9061551658364396 0.08933596855235056 0.12523259910797926
0 0.9603365384615384 0.8858173076923077 0.07451923076923077 0.13221153846153846