0 0.16500754979009657 0.11537326011840257 0.0761022370422965 0.14248380785367804
0 0.113162857360647 0.16607346407751564 0.05603213045849332 0.1121804334516716
0 0.34729305063267873 0.1567270500915236 0.06282400024351467 0.09830381423703936
0 0.2553873385511688 0.1828796169625927 0.05561246178197621 0.09775735652859467
0 0.02283653846153846 0.23197115384615385 0.04567307692307692 0.0985576923076923
0 0.9110576923076923 0.1141826923076923 0.17307692307692307 0.2283653846153846
1 0.009615384615384616 0.5432692307692307 0.019230769230769232 0.09134615384615384
0 0.5520432554767833 0.39899550174649284 0.042614004100872356 0.06319274752734066
1 0.7175480769230769 0.3942307692307692 0.04567307692307692 0.07211538461538461
0 0.5331750719699031 0.4292077998637585 0.042614004100872356 0.06319274752734066
0 0.9795673076923077 0.390625 0.036057692307692304 0.06490384615384616
0 0.6717937839296557 0.4462871816030579 0.08564767687826183 0.14080857197775826
0 0.8758759002786104 0.43921767473558554 0.10268443429344333 0.14929517842566767