0 0.25 0.01201923076923077 0.08653846153846154 0.02403846153846154
0 0.23557692307692307 0.06129807692307692 0.1201923076923077 0.12259615384615384
0 0.06370192307692307 0.03365384615384615 0.12259615384615384 0.0673076923076923
0 0.32687096758667766 0.09355791157258221 0.12656905281540204 0.14594470667382792
0 0.4624535222761747 0.2501571241528057 0.04379224837436487 0.04876967060426374
0 0.3641826923076923 0.4254807692307692 0.08413461538461539 0.27403846153846156
0 0.2956730769230769 0.4014423076923077 0.22115384615384615 0.22596153846153846
1 0.7980769230769231 0.3161057692307692 0.08173076923076923 0.055288461538461536
1 0.8954326923076923 0.3401442307692308 0.0985576923076923 0.10336538461538461
1 0.9867788461538461 0.38221153846153844 0.021634615384615384 0.125
1 0.9464918331487643 0.3525536935700742 0.06773754567396449 0.08646673603729017
1 0.7403846153846154 0.3245192307692308 0.10096153846153846 0.07211538461538461