1 0.3425480769230769 0.06850961538461539 0.04567307692307692 0.0985576923076923
1 0.02283653846153846 0.12139423076923077 0.04567307692307692 0.09375
0 0.6519483072817998 0.4090915699588872 0.056900533606107744 0.10102083285589049
0 0.775915750276756 0.43703540847827377 0.04591385984192114 0.06691914296600839
0 0.8341346153846154 0.44350961538461536 0.038461538461538464 0.06490384615384616
0 0.39783653846153844 0.29447115384615385 0.06009615384615385 0.11778846153846154
0 0.37740384615384615 0.3161057692307692 0.019230769230769232 0.13221153846153846
0 0.019230769230769232 0.6430288461538461 0.038461538461538464 0.11778846153846154
0 0.16143312863358145 0.6307229070459454 0.12130645334849738 0.20958908697534662
0 0.2819417262351399 0.6624404561971148 0.10811183188029307 0.1801831284591477
1 0.8446294443980845 0.6994004638315743 0.055529244457305484 0.06736698670204433
1 0.6325257297446438 0.7249340064913719 0.048121807545938165 0.0622234115923251
1 0.8391401976594332 0.6237912709194295 0.061022581339398925 0.08441783164698545
1 0.6348357168170178 0.6634120077002769 0.05822693828589492 0.07469048609759181