0 0.3479177210742635 0.34821241540550407 0.16349119387454414 0.22228163963309827
0 0.21947809540713187 0.14560295036579163 0.11479890258531383 0.1654725393981895
0 0.3016826923076923 0.06370192307692307 0.0985576923076923 0.12740384615384615
0 0.6294203046809759 0.714528401660774 0.09791603694363551 0.15929127739289448
0 0.5593031826249621 0.6739821293970792 0.09520450668363568 0.1326527454580721
0 0.47947277646524217 0.6242374986248644 0.10493177642853077 0.1430530270435154
0 0.4204386892841235 0.6074107739140243 0.08066954463104828 0.12186001538759957
0 0.3424395600548227 0.6118507937246053 0.09045275694069847 0.1370679892807352
0 0.3044107344048231 0.5427035487348586 0.0708303897566427 0.10184434918677163
0 0.20673076923076922 0.5336538461538461 0.08653846153846154 0.12980769230769232
0 0.09735576923076923 0.515625 0.0889423076923077 0.09375