0 0.3545673076923077 0.037259615384615384 0.13221153846153846 0.07451923076923077
0 0.6971153846153846 0.1346153846153846 0.2980769230769231 0.2692307692307692
0 0.9507211538461539 0.1045673076923077 0.09375 0.2091346153846154
1 0.31185355856965796 0.6105769230769231 0.04735158113141033 0.07211538461538461
0 0.5011419531804485 0.6370192307692307 0.08491992722660263 0.13701923076923078
0 0.5336538461538461 0.6430288461538461 0.02403846153846154 0.07451923076923077
0 0.2658447808049144 0.625 0.054842870294337695 0.08413461538461539
0 0.271237939707425 0.703125 0.07731673778311979 0.1201923076923077
0 0.09108935351965791 0.6971153846153846 0.08201252981025647 0.11538461538461539
0 0.37060590411009586 0.7199519230769231 0.0869321223985044 0.1201923076923077
0 0.9232967038818375 0.6322115384615384 0.09939895428995736 0.13942307692307693