0 0.21618905820460113 0.05559996172909788 0.0684300182507663 0.08993992798231282
0 0.5276442307692307 0.02283653846153846 0.18028846153846154 0.04567307692307692
0 0.31490384615384615 0.06129807692307692 0.125 0.12259615384615384
0 0.1045387837970613 0.13526738945088426 0.06852796747568074 0.09234377413615896
0 0.26973687592911016 0.07165567094512773 0.09815771512115021 0.11308630623086202
0 0.1445450676227234 0.12893260185033187 0.09854951202080799 0.12270169084624663
0 0.4170673076923077 0.05889423076923077 0.14182692307692307 0.11778846153846154
0 0.037259615384615384 0.17668269230769232 0.07451923076923077 0.10336538461538461
0 0.8185096153846154 0.16346153846153846 0.3581730769230769 0.3269230769230769
1 0.2548076923076923 0.375 0.25961538461538464 0.09134615384615384
0 0.9206730769230769 0.3641826923076923 0.15384615384615385 0.06971153846153846