0 0.1622596153846154 0.3088942307692308 0.2860576923076923 0.33413461538461536
0 0.4300200232558128 0.38583669386943953 0.1449364305023146 0.1696842381236338
0 0.6862980769230769 0.036057692307692304 0.17548076923076922 0.07211538461538461
0 0.39783653846153844 0.5180288461538461 0.1466346153846154 0.07932692307692307
0 0.1658653846153846 0.546875 0.14423076923076922 0.13701923076923078
1 0.8798076923076923 0.5180288461538461 0.07211538461538461 0.07932692307692307
1 0.9206730769230769 0.5228365384615384 0.09134615384615384 0.0889423076923077
1 0.8060337754493561 0.5343484529914548 0.05075657713604242 0.0822537868359032
1 0.7111284344918639 0.5463695261663417 0.04277481136950921 0.06977241968367555
1 0.7436573802992865 0.5472472168129046 0.05781407013658187 0.08031207706505392
1 0.5396634615384616 0.5733173076923077 0.021634615384615384 0.12259615384615384
1 0.6581363557656805 0.5634902410625565 0.08385512266802991 0.11310253167504342
1 0.5717985218076488 0.5736466271970936 0.0530063778288897 0.08000398614305605