1 0.7246321461639833 0.09271951040039031 0.0799422704607742 0.10946394159152817
1 0.9493847689646913 0.10438978080715597 0.0726747913279766 0.0995126741741165
0 0.8522737401706811 0.05778805528748329 0.05329018525124459 0.07217467900973663
1 0.6238034667966855 0.06518061271047333 0.058237729237084764 0.09643706241621622
1 0.5516826923076923 0.010817307692307692 0.055288461538461536 0.021634615384615384
1 0.6322115384615384 0.006009615384615385 0.04326923076923077 0.01201923076923077
0 0.7981102832861613 0.06849008811843439 0.04852444844699651 0.07916229560325719
1 0.7319711538461539 0.020432692307692308 0.04567307692307692 0.040865384615384616
0 0.39783653846153844 0.5829326923076923 0.15625 0.0889423076923077
0 0.8882211538461539 0.9038461538461539 0.14182692307692307 0.1875
0 0.71875 0.9194711538461539 0.12980769230769232 0.15625
0 0.5733173076923077 0.90625 0.10817307692307693 0.18269230769230768