0 0.07211538461538461 0.07932692307692307 0.13942307692307693 0.15865384615384615
0 0.014423076923076924 0.04927884615384615 0.028846153846153848 0.0985576923076923
1 0.8605769230769231 0.08653846153846154 0.15865384615384615 0.17307692307692307
0 0.2943263204134355 0.6756351111522663 0.1684195914189175 0.19445025681611428
0 0.030048076923076924 0.3918269230769231 0.06009615384615385 0.04807692307692308
0 0.13221153846153846 0.40625 0.08653846153846154 0.07692307692307693
0 0.21514423076923078 0.4206730769230769 0.13701923076923078 0.10576923076923077
0 0.15070804821534983 0.48306613719914976 0.11470386750717013 0.1425006472175353
0 0.4338942307692308 0.3954326923076923 0.10817307692307693 0.055288461538461536
0 0.07905664238861822 0.5715280801716478 0.13199292696709014 0.15020179913501044
0 0.38461538461538464 0.45552884615384615 0.15384615384615385 0.17548076923076922
0 0.5324519230769231 0.4483173076923077 0.04567307692307692 0.16105769230769232