0 0.2860576923076923 0.020432692307692308 0.12980769230769232 0.040865384615384616
0 0.0985576923076923 0.06490384615384616 0.13942307692307693 0.12980769230769232
0 0.5288461538461539 0.04326923076923077 0.12980769230769232 0.08653846153846154
1 0.8855554341042982 0.13813239040357794 0.06647149377800907 0.08693363873484063
1 0.9891826923076923 0.15384615384615385 0.016826923076923076 0.08173076923076923
1 0.8266267599927584 0.24557440732824873 0.07885502968620287 0.09230113571257803
1 0.6709246371094797 0.32455550582110193 0.08235179125693853 0.10683617356966398
1 0.7538752607924649 0.3128491385114174 0.07681548867131988 0.09699686708626132
0 0.6807688713788413 0.6848460768572596 0.1032219336130419 0.12936647642635152
0 0.7751922681226125 0.6664879757560817 0.0821696386874568 0.10443232741581782
0 0.8844209783037166 0.6380403130336545 0.050226891160116284 0.06222341159232496