1 0.4387019230769231 0.036057692307692304 0.06490384615384616 0.07211538461538461
0 0.5168269230769231 0.07572115384615384 0.057692307692307696 0.14182692307692307
0 0.7235576923076923 0.05889423076923077 0.1201923076923077 0.11778846153846154
0 0.6831724646011329 0.04919857875457716 0.06425350172197196 0.08317805960189695
0 0.8973292966996428 0.14568034215009582 0.08992970636302863 0.11596851421188657
0 0.9376958711700248 0.17543646965953713 0.05919384893695733 0.07806227637220677
0 0.8209134615384616 0.046875 0.09375 0.09375
0 0.6033653846153846 0.016826923076923076 0.08173076923076923 0.03365384615384615
0 0.9379239380027623 0.34535546078598167 0.06640538739849579 0.07852441275520361
0 0.878646655707906 0.33358159731095555 0.07133905994484954 0.08123634983104767
0 0.9711538461538461 0.3713942307692308 0.052884615384615384 0.07451923076923077
0 0.7191007262641474 0.31505648935173175 0.1019489371322594 0.11673874151688132
0 0.5901442307692307 0.31971153846153844 0.08413461538461539 0.13942307692307693