1 0.3004807692307692 0.04807692307692308 0.09615384615384616 0.09615384615384616
1 0.17398346355825317 0.10703907607077544 0.11711883489202699 0.15239581095059804
0 0.018028846153846152 0.234375 0.036057692307692304 0.13221153846153846
1 0.23533748304608532 0.1004477918878856 0.10739156514713202 0.1425006472175353
1 0.3713942307692308 0.04326923076923077 0.07451923076923077 0.08653846153846154
1 0.04927884615384615 0.23076923076923078 0.0985576923076923 0.1346153846153846
1 0.6490384615384616 0.02403846153846154 0.1346153846153846 0.04807692307692308
1 0.46033653846153844 0.10817307692307693 0.06490384615384616 0.13942307692307693
0 0.2630376563800713 0.6820551464772718 0.13414155694559327 0.16971234748345765
0 0.3317307692307692 0.6610576923076923 0.16826923076923078 0.20673076923076922
0 0.5420673076923077 0.5997596153846154 0.2283653846153846 0.08413461538461539