0 0.3112980769230769 0.0733173076923077 0.05048076923076923 0.1466346153846154
0 0.24709253985096097 0.06558904561624287 0.0786324944834029 0.1212592504927409
0 0.15745192307692307 0.0625 0.0889423076923077 0.125
0 0.09843182702094389 0.06946477539999184 0.06395758508802984 0.11337594642714831
0 0.036057692307692304 0.11057692307692307 0.07211538461538461 0.12980769230769232
1 0.9483173076923077 0.052884615384615384 0.0985576923076923 0.10576923076923077
1 0.5748741041436117 0.13394048323293523 0.09503969677316568 0.1100237462615732
0 0.09975961538461539 0.4411057692307692 0.19951923076923078 0.20432692307692307
0 0.9459135124878612 0.6766104985018544 0.09098750188236202 0.13143443977817063
0 0.7534112269924308 0.6964437971602829 0.0405601423973405 0.06188752879029803
0 0.9105693455183417 0.6953637767994115 0.04827534580347148 0.07664648851540203
0 0.5601687112859539 0.7294422691978606 0.06543804551012304 0.08704559966884964
0 0.4624924326312985 0.7500922555188758 0.037988407928630306 0.05696787554859671
0 0.51778089416976 0.752667357001083 0.048107457488607445 0.07183879620770971
0 0.8001450435504405 0.6602214773789246 0.05409036800034883 0.10571656422957378
0 0.6650412611963057 0.6743283769151078 0.08154000558184157 0.13579428834982685