0 0.31274359419143877 0.18870192307692307 0.05097113147097277 0.06490384615384616
0 0.23231266179276708 0.24879807692307693 0.05357120186733401 0.0673076923076923
1 0.0307330764771322 0.22355769230769232 0.045574766435736706 0.057692307692307696
1 0.055974056190765446 0.046875 0.07177169464185969 0.08413461538461539
0 0.21683532588986026 0.10336538461538461 0.048763509559641705 0.0673076923076923
0 0.7848557692307693 0.109375 0.4014423076923077 0.21875
0 0.17859538275700315 0.5793269230769231 0.11376526946866204 0.12740384615384615
0 0.09926845968008 0.5793269230769231 0.1219579291427739 0.13942307692307693
0 0.3616307853245871 0.671875 0.09517232820910702 0.10576923076923077
0 0.27293385711846424 0.6454326923076923 0.08496827086617838 0.0985576923076923
0 0.9663461538461539 0.6141826923076923 0.0625 0.1658653846153846