1 0.625 0.20432692307692307 0.03365384615384615 0.14423076923076922
0 0.4891826923076923 0.41466346153846156 0.23317307692307693 0.27163461538461536
0 0.420350271681488 0.44566550955437545 0.2237422033454438 0.26940631662325426
0 0.6478365384615384 0.7560096153846154 0.07932692307692307 0.19951923076923078
0 0.6469968314564709 0.30277784684251957 0.06658326016398132 0.03832418455835862
0 0.6310096153846154 0.3557692307692308 0.04567307692307692 0.10096153846153846
0 0.6701099583256843 0.34933233741863334 0.0990121638984234 0.11625459137062058
0 0.9131223417321638 0.35300300501158177 0.13048608576644172 0.12215355772492999
0 0.7246936931355681 0.4439370461987964 0.10644762422798006 0.12131411615060919
0 0.6826923076923077 0.5348557692307693 0.14903846153846154 0.18028846153846154
0 0.8771930018462663 0.5299222625857282 0.14474453521585234 0.17065020158901356