0 0.11298076923076923 0.12379807692307693 0.22596153846153846 0.24759615384615385
0 0.35809894684839116 0.2016610053655971 0.1258063998569655 0.15913330732991435
1 0.7560096153846154 0.03245192307692308 0.05048076923076923 0.06490384615384616
0 0.9459134615384616 0.06009615384615385 0.0889423076923077 0.1201923076923077
0 0.9819711538461539 0.051682692307692304 0.03125 0.07932692307692307
0 0.7115384615384616 0.04326923076923077 0.057692307692307696 0.08653846153846154
0 0.7202134196316797 0.11829516392407338 0.07794811006065384 0.12388743087079764
0 0.539000444954542 0.11574312122108228 0.08482346192631009 0.11971066642507111
0 0.8207547248483653 0.13313776937620994 0.08996734082988461 0.12493897730740719
0 0.2943041804810926 0.7339320404559104 0.06871945202382189 0.094410349162678
0 0.17222054320372718 0.6639965721022781 0.07593099048536035 0.0950412770246438