0 0.2932043324070517 0.280365007247855 0.07572498338496422 0.10925211189082476
0 0.038461538461538464 0.28846153846153844 0.07692307692307693 0.1778846153846154
1 0.650629520041461 0.889789360857608 0.07572498338496422 0.10925211189082464
1 0.8747328493724619 0.8924132154114723 0.07049757029011161 0.09684043263656451
0 0.7749885011936887 0.849316027995087 0.050427359485021514 0.0712321771579857
1 0.5478097724493849 0.8657267184294773 0.05607449336703469 0.09566308718147659
1 0.484375 0.7836538461538461 0.03125 0.08173076923076923
1 0.5532356082707862 0.7793844811335303 0.04039225408247646 0.05842804941869636
0 0.7227181997839718 0.8619241298579445 0.04587149964962533 0.07805126713449481
1 0.6524915587108091 0.8019508641209661 0.042963988551186785 0.0634319659689032
1 0.9807692307692307 0.8485576923076923 0.03365384615384615 0.0625