1 0.3828507912939783 0.2843149362044513 0.05494808759973871 0.07000522698564925
1 0.09346682247210232 0.17778511649961298 0.07827720305534286 0.09657340118829001
1 0.40625 0.3016826923076923 0.0625 0.08413461538461539
1 0.19216241873243123 0.2168891713254826 0.0892789968197181 0.11826395724416454
1 0.3281480709884441 0.2750142178648996 0.100990136666951 0.11352619077554629
1 0.24441471076468851 0.24423971357060273 0.06517965405911934 0.07967655227229287
1 0.04326923076923077 0.1814903846153846 0.08653846153846154 0.12259615384615384
1 0.7564625397393316 0.2342746997598482 0.12462734304455261 0.14490205728587952
1 0.7391826923076923 0.08052884615384616 0.16105769230769232 0.16105769230769232
0 0.23317307692307693 0.5853365384615384 0.13942307692307693 0.13221153846153846
0 0.828125 0.5637019230769231 0.17067307692307693 0.0889423076923077