0 0.6704726759007416 0.14754573343060848 0.16985449374422748 0.19600040156602577
0 0.15071407237609705 0.8050586313430552 0.06287260720285914 0.0902851110589744
0 0.019230769230769232 0.8629807692307693 0.038461538461538464 0.08653846153846154
1 0.3691603476454475 0.8360808110257474 0.0518571416386769 0.06602284895940176
0 0.18190704417433265 0.6587027617207796 0.09169505250812289 0.1317659472174146
0 0.7791561249710964 0.8872649767661857 0.0624525829182198 0.08307357259743593
1 0.6673417160059151 0.951248660422596 0.06910408900023918 0.07362603840288474
1 0.9795673076923077 0.8629807692307693 0.036057692307692304 0.0625
0 0.8245192307692307 0.9675480769230769 0.08173076923076923 0.06009615384615385
1 0.6442629673164131 0.6376586376262285 0.04450559508225856 0.06345115238472229
0 0.550489258775523 0.6807620278527243 0.03405016189759533 0.04880427490053417
0 0.7793565259934319 0.6633995586869654 0.039277878489926914 0.056127713642628245
1 0.9076585704935514 0.6965198686300744 0.06485642907206596 0.08312952273771373
0 0.5694388902413023 0.79947266176672 0.041681724643773135 0.056183663782906054
1 0.6549272910681656 0.7794296105628737 0.05199714973355663 0.06842669511324792