0 0.13930118064431612 0.10491624395406415 0.16252877902830362 0.202396333019869
0 0.281373483207424 0.13891736596604123 0.16051738135948682 0.20707804508890015
0 0.9658324041806124 0.9141168641042892 0.03394798415153515 0.06401176286393397
0 0.9014423076923077 0.9819711538461539 0.038461538461538464 0.03125
0 0.5012019230769231 0.9807692307692307 0.055288461538461536 0.03365384615384615
1 0.45815428763637367 0.7305921424341488 0.033751759909020615 0.06160791671008767
0 0.8476508990588728 0.7353129509779255 0.033163087181476585 0.054396378248549274
0 0.5774392069816131 0.7923685862636598 0.030759241027630432 0.054270398009888046
1 0.6890220272590276 0.8597767047618028 0.05415987459487791 0.0770388355424539
0 0.8553779724806988 0.8624597258448072 0.031544137997689 0.0638857826252728
1 0.4338942307692308 0.8677884615384616 0.01201923076923077 0.0673076923076923