0 0.9144082754648225 0.10105738906030745 0.05297720639771492 0.08609359988290435
0 0.9795673076923077 0.11658653846153846 0.036057692307692304 0.14182692307692307
0 0.7849861662056647 0.15120351629076043 0.05071336833874857 0.08839949681183608
0 0.9591346153846154 0.12980769230769232 0.07692307692307693 0.10576923076923077
0 0.8245796236966865 0.1540216015787719 0.07615191082600781 0.1134174505994421
0 0.7029872350555811 0.17316260187151103 0.06301261529773888 0.0936969352441006
0 0.6201923076923077 0.20072115384615385 0.0625 0.10336538461538461
0 0.5961538461538461 0.21514423076923078 0.014423076923076924 0.06490384615384616
0 0.2555122190830128 0.8168464700783665 0.08109961122857985 0.11601719520311704
0 0.1870381665097326 0.8754999179287533 0.06597649383110411 0.10341026908439971
0 0.008223473952270303 0.9337697491663667 0.016446947904540606 0.09561103527337454
0 0.0740929600902985 0.9323413051182228 0.057644890610527494 0.08388565217888719
0 0.1295214297236398 0.932190291137409 0.07559187844648872 0.10380206598405756
0 0.5612980769230769 0.6730769230769231 0.05048076923076923 0.12980769230769232
0 0.41565873719875623 0.7149421435498143 0.10877828323391533 0.1794966874522616