0 0.4110576923076923 0.1466346153846154 0.21153846153846154 0.27884615384615385
0 0.3858173076923077 0.5408653846153846 0.08413461538461539 0.04326923076923077
0 0.09134615384615384 0.5733173076923077 0.08173076923076923 0.10817307692307693
1 0.15264423076923078 0.5661057692307693 0.06971153846153846 0.09375
0 0.2247596153846154 0.578125 0.09375 0.11778846153846154
0 0.3317307692307692 0.5829326923076923 0.11057692307692307 0.12740384615384615
1 0.27163461538461536 0.5865384615384616 0.10576923076923077 0.1346153846153846
0 0.5637019230769231 0.6899038461538461 0.0889423076923077 0.15384615384615385
0 0.7301834564313082 0.6686813943775696 0.19384606076731986 0.2711386095176439
0 0.9326923076923077 0.6550480769230769 0.12980769230769232 0.27163461538461536
0 0.5432692307692307 0.7019230769230769 0.04807692307692308 0.19230769230769232