0 0.8737980769230769 0.04326923076923077 0.24759615384615385 0.08653846153846154
0 0.7427884615384616 0.04326923076923077 0.16826923076923078 0.08653846153846154
0 0.8452020041329763 0.8103892451264547 0.12833334720527034 0.1774528558933322
0 0.9831730769230769 0.4014423076923077 0.028846153846153848 0.02403846153846154
0 0.6322115384615384 0.4254807692307692 0.052884615384615384 0.07211538461538461
0 0.8737980769230769 0.4230769230769231 0.06490384615384616 0.0673076923076923
0 0.49759615384615385 0.4675480769230769 0.019230769230769232 0.12259615384615384
0 0.9387019230769231 0.4338942307692308 0.06490384615384616 0.0889423076923077
0 0.9783653846153846 0.44711538461538464 0.038461538461538464 0.10576923076923077
0 0.7345537078954414 0.47843378308905227 0.06328021445669499 0.09231121753208896
0 0.8153075739869654 0.5098455369596462 0.10333378322350402 0.13861368381555833
0 0.7367461547163813 0.5720788848623202 0.08587593228461515 0.13110843031917005
0 0.6081730769230769 0.39903846153846156 0.052884615384615384 0.019230769230769232
0 0.5180288461538461 0.6021634615384616 0.06009615384615385 0.12259615384615384
0 0.6532718884944438 0.6330263911066856 0.10291316464886026 0.13380599150786607
0 0.9555288461538461 0.6274038461538461 0.08413461538461539 0.16346153846153846
0 0.6586538461538461 0.40865384615384615 0.0625 0.038461538461538464