1 0.26338196969364286 0.10981819065736267 0.08094947714497867 0.07618693846452264
1 0.3438268906370723 0.10685044776389045 0.12198271218119672 0.08673428904881046
0 0.8413461538461539 0.14543269230769232 0.15865384615384615 0.29086538461538464
0 0.9663461538461539 0.14182692307692307 0.0625 0.28365384615384615
0 0.40708221753082235 0.7170107414661149 0.03248090308611122 0.05543553053730604
0 0.0951686890646899 0.7688640885640723 0.039860291968482967 0.06323574172638853
1 0.2607263479085467 0.7685457696767141 0.040195992810149676 0.07765881864946558
0 0.07529449322072615 0.7980781132734205 0.039860291968482967 0.06323574172638853
0 0.5475943123112177 0.761923895773134 0.07916108253418813 0.10243302191431553
0 0.21150244695592912 0.8217491006808536 0.07754053834423089 0.13589064382564714
0 0.41538176891062994 0.8243008092978759 0.09459126198226506 0.14687959813863435