1 0.296265747636086 0.3874084114025968 0.12755420680353288 0.19057513420895644
1 0.22271737175227976 0.38422918979017884 0.14709306695630012 0.19549470785916703
1 0.7017939448561782 0.23701418994124943 0.08656705974387408 0.11344227976865752
1 0.8452687858846589 0.2806672114702377 0.07137375551580213 0.10133913799253796
1 0.9663461538461539 0.3245192307692308 0.0625 0.14423076923076922
0 0.12860576923076922 0.765625 0.25721153846153844 0.35336538461538464
0 0.9668189045205448 0.780093819589831 0.05812216105857988 0.0820384429226948
0 0.9855769230769231 0.7896634615384616 0.02403846153846154 0.08413461538461539
0 0.7668070967572486 0.754805288242244 0.07827720305534286 0.09657340118829001
0 0.8685693031348503 0.7854749037779301 0.07664358420649145 0.108578646789706
0 0.6475695024420032 0.7891653853707374 0.10733828358463281 0.1375926226496374