0 0.30302944881733374 0.793079916458024 0.1684195914189175 0.19445025681611428
0 0.013221153846153846 0.47836538461538464 0.026442307692307692 0.08653846153846154
0 0.20793269230769232 0.40625 0.08413461538461539 0.07692307692307693
0 0.27403846153846156 0.4050480769230769 0.08653846153846154 0.07451923076923077
0 0.33533653846153844 0.4074519230769231 0.10336538461538461 0.07932692307692307
0 0.09960188511230424 0.5016364761350295 0.08323894082403417 0.1007959252491166
0 0.183967568688418 0.5076903126454815 0.1371087101967804 0.15514938100154174
0 0.5757211538461539 0.41346153846153844 0.13221153846153846 0.09134615384615384
0 0.1306959972456491 0.5937170501650881 0.11710771366101642 0.14257059199695485
0 0.3971092084646624 0.48270037040352765 0.1085097660504872 0.12072614227408092
0 0.07269375622568743 0.6808058212027789 0.1343967731209363 0.15027174391442985
0 0.3621745740977375 0.5740593860764729 0.15051435011500167 0.17713372028325466
0 0.021634615384615384 0.4362980769230769 0.04326923076923077 0.0889423076923077
0 0.5575488765227027 0.5713464240607014 0.1452445214243126 0.16978229226287714
1 0.7752403846153846 0.6117788461538461 0.13221153846153846 0.17067307692307693
1 0.9723557692307693 0.5408653846153846 0.05048076923076923 0.19230769230769232