1 0.5403802464956827 0.3807465782843634 0.046796677451743346 0.0698278380155281
1 0.24836059649377942 0.2938140441526136 0.0674132293077851 0.09739021046687395
1 0.5673076923076923 0.3942307692307692 0.057692307692307696 0.08653846153846154
1 0.3490752852876377 0.3274086189542344 0.07575858991727404 0.11944485013612868
1 0.4852807553152129 0.3739206228713595 0.08752586020918247 0.11533719830283519
1 0.4021539818398869 0.34978957031979846 0.0570419632604335 0.08240710116427795
1 0.1936441568389352 0.3026830927870495 0.08297012837881249 0.11986487442076789
1 0.020432692307692308 0.24639423076923078 0.040865384615384616 0.11298076923076923
1 0.3770225846306117 0.7458619101744339 0.054512136867926456 0.07986324691555205
0 0.4986160073771183 0.7951396347530496 0.052360251191402356 0.08453093112836449
1 0.08312345266807508 0.740800153368333 0.049074543366928194 0.06756399995656182
1 0.9711538461538461 0.7211538461538461 0.052884615384615384 0.2644230769230769