0 0.5600961538461539 0.09615384615384616 0.12980769230769232 0.19230769230769232
0 0.2764423076923077 0.04927884615384615 0.11538461538461539 0.0985576923076923
0 0.09975961538461539 0.08173076923076923 0.10817307692307693 0.16346153846153846
1 0.7205516215174135 0.1701075932547877 0.1364894605346843 0.17204624988851383
0 0.4995079763624498 0.8288585596994766 0.20410483694853016 0.20398283637123227
0 0.5637019230769231 0.8762019230769231 0.1466346153846154 0.20432692307692307
0 0.39905160511433635 0.5704209172713459 0.11429541950251682 0.1222033086289587
0 0.24049481638349773 0.652520152463558 0.20167301951230654 0.20138276597487142
1 0.6262019230769231 0.6201923076923077 0.021634615384615384 0.0673076923076923
1 0.6762054963766448 0.6238696277616703 0.06839857232041907 0.0992442787904108
1 0.7241285774004911 0.6410152664581173 0.07323423591048886 0.10204057342928631