1 0.37259615384615385 0.15865384615384615 0.28846153846153844 0.3173076923076923
0 0.013221153846153846 0.6526442307692307 0.026442307692307692 0.12740384615384615
0 0.23101620245766238 0.8094461551514951 0.1403943888853371 0.15360424316695123
1 0.4675480769230769 0.6262019230769231 0.0985576923076923 0.12740384615384615
0 0.6770867596376765 0.5327336055248568 0.086922078151235 0.13455436192279185
0 0.8606422582631489 0.6163402675999989 0.08172258894388498 0.12451835873276335
0 0.5456730769230769 0.515625 0.052884615384615384 0.12740384615384615
0 0.9831730769230769 0.6802884615384616 0.028846153846153848 0.1201923076923077
0 0.760343922141504 0.6208335860222925 0.06430797051747507 0.10862311679843291
0 0.7250963560110771 0.6273994859715093 0.06700566434606464 0.11604496454729332
0 0.8972692938292627 0.6943296016100416 0.06391617361781735 0.09900773218304829