0 0.6442307692307693 0.10336538461538461 0.052884615384615384 0.20673076923076922
0 0.501911822516296 0.7106346553160361 0.11460310360867035 0.146003457382426
0 0.3207142943005621 0.7782590482000534 0.05123599385496455 0.06784401614632128
0 0.4715280902046877 0.7377307079761928 0.06342305231846104 0.08296713354379702
0 0.14296869326252074 0.8593146070725444 0.0804178030896497 0.09837026713103238
0 0.0534529742814721 0.903413153715839 0.04637235898251711 0.06275630764886951
0 0.10770734043727621 0.8921402589275569 0.060963263599859645 0.07801943314122498
0 0.5723785856020297 0.6497910439137031 0.08774122668069878 0.10840567603105619
0 0.35734539789699543 0.7310803234694039 0.07334612103999934 0.1099694736156238
0 0.23171604404349916 0.7778864409971943 0.1073915651471319 0.14558343309778665
0 0.7800480769230769 0.46274038461538464 0.2283653846153846 0.18990384615384615