1 0.18382945064750908 0.19726364381072659 0.04489675225254157 0.08025888904582629
1 0.29970776536748495 0.24332956595099867 0.04451881153655808 0.07304735058428782
1 0.0846214139079427 0.28502820931578055 0.05704196326043357 0.08364385641224568
1 0.3503621725273197 0.31161857783734714 0.062479556761431625 0.0960555356665058
1 0.007211538461538462 0.33052884615384615 0.014423076923076924 0.09375
0 0.8120402863297431 0.2770813258600192 0.07867657864504889 0.08540987459487777
0 0.9759615384615384 0.2704326923076923 0.04326923076923077 0.08413461538461539
0 0.7003193194855855 0.3103423267966702 0.04123310371208392 0.056024203264850206
0 0.6021634615384616 0.3401442307692308 0.10817307692307693 0.13221153846153846
0 0.6262019230769231 0.4483173076923077 0.07451923076923077 0.07932692307692307
0 0.5830331184981431 0.4430695985845791 0.03224762029000498 0.0672585370640222
0 0.5528846153846154 0.4495192307692308 0.009615384615384616 0.04807692307692308
0 0.7800480769230769 0.4567307692307692 0.06971153846153846 0.09615384615384616
0 0.6922770274498398 0.4546721999791113 0.03249958076732731 0.0720662293717145
0 0.7218790627279605 0.4667405859920122 0.029465833420175478 0.059850774359969064
0 0.8646508375948424 0.47319220183749283 0.034651466443851135 0.06745476130653684
0 0.9346773266530336 0.4735113141891828 0.02971779389749794 0.06465846666766137
0 0.8287821156451417 0.4797413347059821 0.02984377413615883 0.06706231282150753
0 0.9651442307692307 0.48677884615384615 0.06490384615384616 0.13221153846153846