0 0.12122960329556488 0.07594056714792327 0.04534382197574516 0.09948965827659552
0 0.09763898549313936 0.0835937093381612 0.08470104790935565 0.1218600153875995
0 0.06021142870751044 0.07694646434841458 0.03678875230609845 0.07005483170289771
0 0.25601624323931055 0.14202136202469168 0.08274504549154543 0.13127917576046944
0 0.2119929331291928 0.14800659815355488 0.039192598459944605 0.07025105594541235
0 0.16986964496988058 0.1433707508326251 0.030973411592325098 0.04802776783325297
0 0.40603601991402477 0.20096415293934383 0.0777134313158351 0.12607903496774778
0 0.3180717134306221 0.1889942757798661 0.03941652032796265 0.07505874825310468
0 0.34649967073791604 0.20807777764570787 0.034049023350225235 0.06264706899884456
0 0.486288277660196 0.2530145177441475 0.04159644461379076 0.070447280187927
0 0.4501746048854992 0.24886923102950442 0.03678875230609845 0.07005483170289771
0 0.28846153846153844 0.6646634615384616 0.3557692307692308 0.49278846153846156