0 0.9867788461538461 0.2764423076923077 0.021634615384615384 0.11538461538461539
0 0.93545437833573 0.31644920493811846 0.05345800726502203 0.10040446377119822
0 0.7372489519859406 0.32875458118074063 0.03660311385246938 0.0950091623614813
0 0.8142559399159064 0.3458638711416443 0.04853843361481136 0.08100580622556482
0 0.8696073347095344 0.35861189445489 0.06307339188040664 0.10074024040092656
0 0.6129807692307693 0.6862980769230769 0.08653846153846154 0.055288461538461536
0 0.65625 0.671875 0.04807692307692308 0.026442307692307692
0 0.7007211538461539 0.7067307692307693 0.03125 0.09615384615384616
0 0.38341346153846156 0.7091346153846154 0.07932692307692307 0.10096153846153846
0 0.203125 0.6995192307692307 0.08413461538461539 0.08173076923076923
0 0.484375 0.7199519230769231 0.0889423076923077 0.12259615384615384